surface_name	site_name	species_name	formation_energy	frequencies	reference
Rh	111	C	2.056	[541.152563, 481.581622, 478.724301]	Input File Tutorial.
Rh	111	C-CH2O	1.9930882	[3008.64004, 2926.28881, 1532.585358, 1361.715629, 1186.820344, 1042.148369, 602.140036, 486.381164, 443.824637, 393.42248, 252.657792, 114.843865, 70.390008, 44.691606]	Input File Tutorial.
Rh	111	C-CH2OH	1.1644899	[3716.35089, 3167.868023, 3035.175779, 1456.696987, 1370.330748, 1161.643299, 1105.839055, 972.188512, 732.333598, 566.01095, 508.737668, 458.580469, 452.760102, 192.496432, 146.747878, 100, 84.653356]	Input File Tutorial.
Rh	111	C-CHO	2.1335282	[2918.844258, 1602.790174, 1192.879855, 815.854513, 547.38309, 486.021344, 473.533146, 385.071858, 261.565114, 147.5386, 58.863486]	Input File Tutorial.
Rh	111	C-CHOH	1.7024231	[3647.86301, 3012.024286, 1391.422579, 1226.131834, 1158.330383, 861.304142, 580.544636, 553.271829, 519.763072, 468.758267, 293.853248, 270.131383, 151.735053, 33.350843]	Input File Tutorial.
Rh	111	C-CHOOH	-0.665	[3666.985715, 3037.551366, 1398.890233, 1264.115891, 1201.335915, 1084.627347, 947.974332, 583.661135, 570.226445, 514.487686, 460.600899, 370.963569, 304.404688, 201.274471, 127.24567, 75.688558, 49.985884]	Input File Tutorial.
Rh	111	C-CO	1.8961716	[1915.911009, 594.968227, 506.622952, 423.5268, 398.896702, 337.285926, 169.881791, 93.116575]	Input File Tutorial.
Rh	111	C-COH	1.5432296	[3668.816779, 1219.433174, 1127.103806, 587.651019, 468.710335, 443.734646, 340.570277, 328.368899, 215.088233, 179.20697, 125.204476]	Input File Tutorial.
Rh	111	C-COO	-0.45	[1930.640207, 1150.105965, 641.913594, 591.38394, 532.097789, 471.469034, 308.802243, 240.911772, 109.06376, 82.538223, 16.014972]	Input File Tutorial.
Rh	111	C-COOH	-0.722	[3706.792227, 1457.048125, 1214.427277, 1062.201978, 664.263382, 593.557787, 536.552028, 490.49644, 437.06079, 311.598419, 262.496703, 207.548523, 140.434768, 118.599145]	Input File Tutorial.
Rh	111	C-H	2.353	[1288.366809, 694.309829, 572.404545, 274.183288, 166.323836]	Input File Tutorial.
Rh	111	C-O	1.48	[540.853045, 469.450426, 430.035648, 299.297913, 201.499601]	Input File Tutorial.
Rh	111	C-OH	0.491	[3705.996396, 791.158403, 542.62055, 492.753639, 441.548596, 419.166443, 349.612638, 118.651321]	Input File Tutorial.
Rh	111	CC(-H)O	1.8138673	[1820.42287, 1702.511016, 1139.298346, 725.898349, 641.576692, 415.50759, 384.578981, 285.629812, 198.583934, 129.556374, 40.882714]	Input File Tutorial.
Rh	111	CC(-H)OH	1.5807296	[3702.733036, 1752.882496, 1333.949692, 1174.669654, 943.337938, 628.314241, 599.072344, 502.276629, 416.972594, 387.980527, 340.206079, 265.44532, 141.804237, 67.614598]	Input File Tutorial.
Rh	111	CC(-H)OOH	-0.549	[3719.742372, 1688.45898, 1321.659748, 1223.338385, 1092.626985, 1048.418556, 969.155574, 777.30913, 628.851212, 596.954848, 501.315805, 341.972324, 290.173953, 277.16012, 234.586146, 163.730474, 141.698995]	Input File Tutorial.
Rh	111	CCH(-H)O	1.5335937	[2980.271988, 1667.60753, 1252.365041, 1138.066322, 1071.068275, 1026.311804, 777.929614, 621.967332, 505.642321, 476.198746, 344.158643, 280.858326, 224.319983, 155.959959]	Input File Tutorial.
Rh	111	CCH(-H)OH	1.4135137	[3739.840191, 3040.070624, 1779.90798, 1381.999172, 1231.028587, 1145.274011, 1071.932574, 1017.978065, 662.915274, 619.905626, 478.675708, 429.796849, 361.325549, 289.37051, 252.230368, 135.539697, 78.698635]	Input File Tutorial.
Rh	111	CCH2O	0.79289377	[3002.374824, 2949.52103, 1450.685877, 1266.464516, 1129.512214, 1033.885796, 956.455769, 840.865666, 586.823408, 474.266353, 391.01967, 315.55699, 252.006927, 201.14281, 128.058295]	Input File Tutorial.
Rh	111	CCH2O-H	1.4836099	[2984.38243, 2932.27638, 1433.129642, 1258.352168, 1143.370257, 981.600872, 926.173846, 883.860453, 772.797022, 597.884225, 491.430857, 428.493777, 412.154946, 290.000485, 191.977818, 182.977213, 141.096806]	Input File Tutorial.
Rh	111	CCH2OH	-0.30763614	[3703.948092, 3028.523115, 2938.547125, 1447.891914, 1361.906869, 1288.31608, 1156.804046, 1028.611958, 968.733132, 910.987055, 590.728744, 407.456423, 386.862009, 303.567461, 236.358187, 148.038871, 90.78442, 70.065744]	Input File Tutorial.
Rh	111	CCHO	1.0807972	[2887.18071, 1630.999734, 1338.044139, 1019.078122, 922.105805, 650.235234, 417.832707, 383.87837, 248.273209, 169.934536, 75.998621, 28.046465]	Input File Tutorial.
Rh	111	CCHO-H	1.749007	[3070.392786, 1474.137931, 1308.23124, 1202.167101, 1132.908647, 927.47048, 754.445241, 724.800829, 449.464823, 418.578267, 347.160884, 245.441957, 157.598584, 58.467401]	Input File Tutorial.
Rh	111	CCHO-OH	-0.741	[3684.372475, 3003.427551, 1325.803537, 1246.647755, 1044.682313, 1017.111365, 897.116995, 647.448851, 578.857167, 566.546889, 422.874035, 386.423221, 302.832295, 268.185392, 213.806336, 150.140482, 91.737277]	Input File Tutorial.
Rh	111	CCHOH	0.5035603	[3753.108986, 3091.072789, 1438.882718, 1243.279171, 1183.423984, 1041.329725, 796.004314, 640.299887, 471.63368, 401.87915, 367.361298, 293.78987, 250.244987, 96.798837, 84.731309]	Input File Tutorial.
Rh	111	CCHOOH	-1.103	[3620.822827, 3033.35787, 1389.775363, 1252.471047, 1204.071014, 1065.576333, 967.32569, 779.747788, 661.899948, 546.01072, 522.547481, 459.698358, 393.489789, 314.679726, 249.977691, 177.909328, 121.068604, 105.66477]	Input File Tutorial.
Rh	111	CCO	1.3263798	[2072.933366, 1205.298168, 542.255562, 534.779875, 335.493389, 332.740933, 295.404794, 73.896535, 25.770508]	Input File Tutorial.
Rh	111	CCO-H	1.6340108	[1708.603769, 1163.715146, 1040.715278, 553.72993, 519.392744, 394.244481, 306.706607, 274.513265, 247.399092, 208.822825, 84.719115]	Input File Tutorial.
Rh	111	CCO-O	-0.089	[1960.582367, 1046.241324, 581.409883, 533.499622, 489.204539, 391.5833, 341.705384, 314.393211, 274.502688, 137.049591, 41.991699]	Input File Tutorial.
Rh	111	CCO-OH	-0.91	[3700.691663, 1961.067263, 1076.703607, 810.826194, 568.144671, 548.672378, 493.479341, 432.046644, 380.879292, 301.01309, 283.83454, 139.611709, 124.033756, 70.588241]	Input File Tutorial.
Rh	111	CCOH	1.7280054	[3687.929831, 1317.510111, 1192.495186, 950.269707, 620.733427, 496.71522, 416.206919, 390.381555, 353.599671, 269.025017, 165.53686, 68.033924]	Input File Tutorial.
Rh	111	CCOO	-0.743	[1654.362931, 1014.536049, 820.103935, 677.768748, 668.784581, 578.419297, 435.106213, 300.073613, 281.309905, 155.908456, 105.717454, 71.81353]	Input File Tutorial.
Rh	111	CCOO-H	-0.228	[1670.765636, 994.676828, 875.702406, 791.532741, 690.717845, 632.942542, 584.18847, 470.667483, 420.827651, 273.484418, 223.695886, 141.205196, 85.215296, 44.360317]	Input File Tutorial.
Rh	111	CCOOH	-1.706	[3704.766661, 1674.281929, 1302.283923, 1086.866031, 936.98833, 711.139536, 616.6925, 579.243121, 545.931137, 391.29253, 254.52463, 224.484463, 63.064612, 46.143027, 40.302807]	Input File Tutorial.
Rh	111	CH	1.244	[3000.50292, 704.838223, 696.912141, 575.831294, 413.207512, 410.758213]	Input File Tutorial.
Rh	111	CH(-H)CH2O	0.7042488	[2968.436825, 2908.202795, 2874.949958, 1927.294504, 1423.96712, 1306.632173, 1184.266837, 1178.721643, 1027.62588, 975.353802, 893.113751, 879.820428, 620.204171, 491.166179, 454.856486, 386.346942, 291.591755, 182.557433, 142.627228, 60.3064]	Input File Tutorial.
Rh	111	CH(-H)CH2OH	0.26818144	[3662.012189, 2996.479644, 2945.376585, 2823.888958, 1938.749808, 1450.756385, 1378.912678, 1319.847513, 1230.26533, 1149.674401, 1014.295136, 987.918231, 952.937162, 895.016968, 583.029305, 458.893464, 391.886632, 361.531058, 256.423791, 218.387644, 164.244381, 132.755757, 104.068611]	Input File Tutorial.
Rh	111	CH(-H)CHOOH	-1.376	[3649.885024, 2981.070874, 2930.110619, 1919.178353, 1369.82095, 1278.41866, 1211.872585, 1169.87858, 1000.605914, 972.107539, 935.605083, 860.349069, 635.060529, 589.263313, 556.072444, 459.733173, 372.546282, 346.409811, 331.250479, 239.525227, 127.990659, 54.81931, 34.031141]	Input File Tutorial.
Rh	111	CH-CH2O	1.4695933	[3024.847313, 2942.640604, 2932.556417, 1486.173465, 1294.913201, 1183.856014, 1023.255833, 736.681138, 720.74155, 639.628384, 522.673326, 396.85091, 374.84523, 264.627537, 150.458104, 100, 50.443219]	Input File Tutorial.
Rh	111	CH-CH2OH	1.5848924	[3606.274686, 3101.246961, 2970.41884, 2884.863563, 1441.769923, 1356.760623, 1181.753699, 1118.642857, 1046.286641, 1000.574281, 759.680858, 617.609111, 517.167234, 429.280341, 388.799132, 310.002991, 235.597432, 196.017413, 69.82869, 41.06335]	Input File Tutorial.
Rh	111	CH-CHO	1.1771299	[2989.70902, 2961.771584, 1337.590442, 1238.700164, 923.424802, 824.224971, 636.150565, 547.243507, 517.216388, 415.435702, 374.863126, 312.019125, 193.379278, 156.926688]	Input File Tutorial.
Rh	111	CH-CHOH	1.4798844	[3563.89977, 3023.629939, 2988.980618, 1353.050397, 1155.661702, 1017.39762, 925.149805, 847.013371, 711.297966, 565.129176, 450.117054, 409.258058, 363.406288, 266.412887, 247.406483, 123.193913, 63.51665]	Input File Tutorial.
Rh	111	CH-CHOOH	-1.005	[3659.76123, 3015.324412, 2885.337869, 1396.144812, 1269.693439, 1205.150523, 1074.898626, 949.546671, 767.550195, 714.688277, 581.239157, 532.413507, 516.701781, 407.261383, 366.307387, 270.627339, 221.313718, 105.404632, 100, 52.369075]	Input File Tutorial.
Rh	111	CH-CO	1.3549768	[3005.53066, 1844.669353, 940.777397, 603.521824, 557.503639, 437.282181, 419.067739, 357.397283, 301.940165, 149.630037, 100]	Input File Tutorial.
Rh	111	CH-COH	1.3160467	[3686.484402, 3061.054427, 1201.292894, 1112.791451, 933.606496, 739.95883, 618.824197, 461.751087, 419.47182, 324.366686, 314.269233, 234.108304, 198.048754, 121.819006]	Input File Tutorial.
Rh	111	CH-COO	-0.755	[2947.859685, 1882.218923, 1143.859624, 839.512166, 688.943113, 625.350632, 540.651134, 505.122264, 384.63896, 274.525152, 205.009781, 120.303313, 107.126347, 42.591266]	Input File Tutorial.
Rh	111	CH-COOH	-1.286	[3699.231162, 3006.137087, 1428.864428, 1212.152326, 1030.323021, 941.840588, 663.595201, 617.737932, 586.725028, 509.583129, 455.108695, 417.05954, 301.714533, 259.436468, 183.041365, 138.53174, 117.417742]	Input File Tutorial.
Rh	111	CH-H	1.45	[2580.366627, 1945.408304, 1086.649439, 896.38396, 623.430545, 479.097944, 301.008131, 235.461909]	Input File Tutorial.
Rh	111	CH-O	0.642	[3051.987273, 1006.020597, 755.093677, 532.090127, 404.567304, 325.608281, 242.686932, 133.705649]	Input File Tutorial.
Rh	111	CH-OH	-0.279	[3676.66432, 3080.087727, 849.446328, 771.229462, 695.299567, 628.730755, 589.843326, 436.786317, 396.046002, 144.668796, 130.468146]	Input File Tutorial.
Rh	111	CH2	1.281	[3002.555, 2437.502459, 1408.082962, 732.511425, 570.729386, 492.192474, 414.070885, 322.791152, 149.698041]	Input File Tutorial.
Rh	111	CH2(-H)CHOO	-1.126	[3086.997062, 3017.514644, 2888.783983, 1562.513487, 1401.961226, 1281.385259, 1236.236781, 1134.456793, 1062.987061, 999.874704, 876.868567, 783.559986, 736.493037, 670.970449, 529.526378, 418.871463, 400.560222, 379.32718, 339.71085, 324.161996, 144.930336, 133.527785, 106.227496]	Input File Tutorial.
Rh	111	CH2-CH2O	1.5330977	[3067.889914, 2991.830888, 2981.067457, 2805.42279, 1437.958067, 1359.013592, 1226.619783, 1178.340544, 996.597647, 942.773225, 809.731242, 775.396228, 590.608161, 461.701109, 423.465207, 239.79418, 223.080548, 148.381114, 134.267536, 93.769812]	Input File Tutorial.
Rh	111	CH2-CH2OH	1.3305227	[3656.273297, 3078.942362, 3033.626135, 3016.896491, 2956.731341, 1446.286553, 1355.726913, 1322.518495, 1224.927092, 1098.180279, 1023.565234, 962.699286, 891.509033, 747.494301, 648.414969, 459.798428, 438.165078, 391.685076, 216.764963, 210.163601, 157.278182, 104.386912, 88.551815]	Input File Tutorial.
Rh	111	CH2-CHO	1.386507	[2999.42894, 2958.6573, 2738.107741, 1355.240993, 1344.781164, 1229.548592, 931.58338, 817.751918, 761.428413, 566.145994, 552.303347, 464.364029, 386.677702, 305.313966, 187.975252, 153.322699, 96.96533]	Input File Tutorial.
Rh	111	CH2-CHOH	0.88657576	[3570.224805, 3077.183538, 3026.882726, 2974.696443, 1376.628089, 1344.445641, 1190.362862, 1093.999259, 904.16444, 895.789572, 843.591042, 616.592178, 529.785999, 483.709355, 442.038368, 341.634158, 254.547972, 141.367696, 100.610891, 82.603461]	Input File Tutorial.
Rh	111	CH2-CHOO	-0.938	[3091.959675, 2986.669036, 2944.586334, 1338.033689, 1312.418029, 1186.143636, 1127.009064, 1004.658056, 788.349986, 770.33988, 679.19401, 662.131061, 516.571993, 401.686177, 366.37389, 350.034369, 284.919269, 117.105031, 111.397568, 99.471337]	Input File Tutorial.
Rh	111	CH2-CHOOH	-1.005	[3692.79064, 3069.682464, 3043.38349, 2968.864315, 1404.084516, 1334.252615, 1267.758076, 1246.857188, 1068.774703, 945.903136, 823.446449, 733.659465, 636.589106, 604.413797, 551.683871, 476.868571, 380.564729, 247.05237, 179.794751, 115.921766, 100, 71.292817, 35.655316]	Input File Tutorial.
Rh	111	CH2-CO	1.2179644	[3001.326553, 2852.337422, 1871.752885, 1323.014989, 928.037894, 844.763963, 523.020206, 520.709979, 439.442961, 387.12899, 339.303299, 134.847238, 100, 81.869186]	Input File Tutorial.
Rh	111	CH2-COH	1.4724638	[3632.150224, 3025.656996, 2963.604552, 1351.455842, 1189.328905, 1085.123317, 947.14067, 756.37547, 559.956033, 527.27914, 415.006422, 364.442388, 329.925959, 262.828343, 187.181559, 143.739022, 100]	Input File Tutorial.
Rh	111	CH2-COO	-0.618	[3104.33434, 2999.757137, 1894.719326, 1350.812591, 1155.907216, 855.194833, 686.966702, 591.786155, 590.800375, 490.144783, 391.255199, 258.27275, 118.041092, 111.04214, 100, 75.494753, 66.112342]	Input File Tutorial.
Rh	111	CH2-COOH	-1.47	[3693.173969, 2980.522321, 2693.794198, 1429.942603, 1328.876239, 1205.46379, 1042.804771, 913.343668, 827.89611, 658.992165, 536.576516, 492.939299, 471.449215, 434.02898, 358.991625, 273.597551, 215.884925, 141.376958, 97.490724, 75.530476]	Input File Tutorial.
Rh	111	CH2-H	1.304	[3033.60223, 2951.712152, 1913.347928, 1372.136828, 971.881792, 843.40053, 614.881704, 530.387501, 334.917517, 307.341959, 91.389649]	Input File Tutorial.
Rh	111	CH2-O	0.227	[3137.401388, 3028.545, 1355.733629, 917.570901, 692.287459, 603.727783, 539.516207, 456.46412, 280.35113, 155.447409, 150.488338]	Input File Tutorial.
Rh	111	CH2-OH	-0.259	[3691.110519, 3046.250449, 2554.467231, 1432.062319, 851.429192, 760.479338, 667.512789, 584.612551, 546.167924, 495.652243, 374.526906, 198.419529, 183.506896, 168.881427]	Input File Tutorial.
Rh	111	CH2C(-H)O	0.71207714	[3157.798835, 3056.251781, 1810.645323, 1436.211219, 1368.324912, 1067.178224, 966.89148, 900.690397, 718.442584, 601.138168, 574.490815, 473.912343, 363.231794, 301.391413, 217.881024, 173.536652, 127.345835]	Input File Tutorial.
Rh	111	CH2C(-H)OH	0.4428576	[3571.730673, 3067.061417, 2990.82062, 1917.535495, 1412.150914, 1296.318323, 1100.129875, 1016.592102, 975.975281, 934.045586, 692.035295, 613.902619, 592.280257, 502.127594, 463.233685, 381.362369, 230.349633, 173.9931, 142.145224, 137.635542]	Input File Tutorial.
Rh	111	CH2C(-H)OOH	-1.909	[3719.813183, 3074.04216, 2984.470656, 1425.721699, 1402.869565, 1333.218129, 1177.362537, 1102.657002, 1059.326151, 1017.046412, 999.839322, 909.130587, 717.229729, 662.768699, 585.780064, 507.214648, 408.181006, 324.690821, 293.95555, 216.317161, 128.479621, 105.34228, 96.666095]	Input File Tutorial.
Rh	111	CH2CH(-H)O	0.23621958	[3074.633923, 2988.423407, 2916.330436, 1603.748693, 1416.370681, 1346.383883, 1251.205138, 1099.65157, 1011.771879, 947.635911, 898.451972, 711.283571, 672.267376, 536.53709, 444.78121, 414.040043, 316.707768, 163.268509, 127.602082, 109.602619]	Input File Tutorial.
Rh	111	CH2CH(-H)OH	-0.06753534	[3712.611906, 3140.450937, 3057.576279, 2987.037038, 1489.856992, 1441.859778, 1353.742024, 1264.914659, 1221.296735, 1127.350182, 1085.659724, 997.065697, 955.592119, 864.484805, 704.412664, 645.342402, 469.862569, 373.442549, 363.016904, 173.743414, 100, 84.096317, 73.985878]	Input File Tutorial.
Rh	111	CH2CH2O	0.17238879	[3043.580031, 3000.277728, 2969.278403, 2933.167447, 1457.400568, 1423.405764, 1325.605913, 1227.018716, 1152.004582, 1057.656626, 985.348537, 901.422995, 842.671709, 630.702595, 527.837647, 402.000128, 333.396264, 266.436633, 130.249493, 108.545245, 105.566947]	Input File Tutorial.
Rh	111	CH2CH2O-H	0.3669786	[3034.375359, 2974.548381, 2913.68107, 2824.601717, 1430.560113, 1408.081716, 1332.880196, 1225.03322, 1126.643274, 1069.980739, 1015.580555, 896.370235, 860.408875, 836.922697, 658.109647, 627.448797, 468.050907, 420.238264, 343.023232, 229.897001, 152.017266, 122.638749, 77.764234]	Input File Tutorial.
Rh	111	CH2CH2OH	-0.14871573	[3738.315713, 3040.872523, 2986.657502, 2954.452827, 2910.533128, 1471.691946, 1419.816311, 1382.090857, 1251.785208, 1214.710273, 1125.385457, 1059.831684, 1003.572733, 918.995997, 840.723727, 668.860125, 497.175646, 437.78293, 387.110043, 242.503193, 212.599082, 105.326332, 96.990241, 56.798715]	Input File Tutorial.
Rh	111	CH2CHO	0.26855975	[3153.568291, 3060.072574, 2879.908271, 1458.321934, 1381.183769, 1245.062876, 1154.207023, 950.734123, 918.402841, 866.427237, 754.991108, 490.235384, 426.177987, 343.991388, 251.94245, 109.402199, 95.900237, 57.714671]	Input File Tutorial.
Rh	111	CH2CHO-H	0.34509176	[3179.461057, 3084.442002, 3019.762362, 1470.038496, 1391.319394, 1237.896417, 1159.302983, 949.90233, 905.404751, 886.618159, 867.272411, 747.853121, 703.640956, 488.625596, 421.765895, 327.339703, 215.116788, 177.472218, 115.114126, 96.226177]	Input File Tutorial.
Rh	111	CH2CHO-O	-1.019	[3079.620117, 3002.932236, 2970.308394, 1421.733876, 1324.629865, 1243.774851, 1106.765572, 1074.282662, 962.425889, 937.072405, 704.937477, 622.878864, 447.903285, 430.825329, 425.14694, 350.554826, 298.554521, 174.805616, 122.10256, 107.401353]	Input File Tutorial.
Rh	111	CH2CHO-OH	-2.162	[3714.525758, 3057.508831, 2967.328934, 2955.226034, 1417.89329, 1395.324235, 1313.317124, 1120.749712, 1087.520786, 948.744583, 923.654362, 826.920202, 688.809272, 623.143684, 529.904975, 426.820569, 401.789142, 361.403239, 307.629, 280.729711, 123.273501, 104.283502, 101.481006]	Input File Tutorial.
Rh	111	CH2CHOH	-0.025239289	[3628.493746, 3177.786839, 3099.949851, 3080.332809, 1502.991805, 1404.680276, 1270.564347, 1194.698352, 1108.163933, 917.468862, 898.616133, 853.540408, 739.454114, 466.964277, 453.593409, 403.647315, 322.602999, 173.903398, 100, 90.364032, 77.215935]	Input File Tutorial.
Rh	111	CH2CHOO	-1.401	[3063.281748, 2996.099621, 2864.441797, 1402.248701, 1268.10989, 1233.927089, 1059.110801, 1054.005348, 958.411341, 846.519394, 813.331979, 687.284809, 678.186841, 479.310588, 436.688234, 429.654283, 407.352104, 377.710858, 128.656923, 100.494046, 86.667966]	Input File Tutorial.
Rh	111	CH2CHOO-H	-1.068	[3061.268121, 2992.219123, 2884.058321, 1403.9897, 1273.204353, 1252.847339, 1080.60871, 1066.785427, 990.690373, 896.237513, 861.184728, 775.506829, 690.835767, 675.743107, 585.326005, 492.954476, 428.391068, 403.452914, 382.620851, 354.082884, 168.871359, 112.258058, 68.64632]	Input File Tutorial.
Rh	111	CH2CHOOH	-2.329	[3766.079075, 3049.444551, 2988.028752, 2946.803683, 1422.220916, 1376.217892, 1313.505184, 1242.689495, 1112.559866, 1077.881423, 1011.91558, 924.674782, 804.37254, 683.074338, 573.018895, 571.826394, 488.214351, 329.627076, 291.741123, 258.810235, 219.931803, 106.294813, 90.369491, 27.800838]	Input File Tutorial.
Rh	111	CH2CO	0.14693183	[3129.593591, 3034.992853, 1427.822631, 1351.896679, 1065.344919, 960.281131, 897.2198, 692.802278, 566.385292, 426.125913, 350.163408, 306.031557, 208.256497, 171.819242, 114.259883]	Input File Tutorial.
Rh	111	CH2CO-H	1.0650008	[3148.827732, 3053.787326, 1443.193121, 1250.577186, 1079.190824, 949.704338, 914.397084, 885.460927, 779.102582, 692.911859, 555.967455, 432.630959, 336.272028, 301.856608, 229.434274, 194.812329, 159.742936]	Input File Tutorial.
Rh	111	CH2CO-O	-1.027	[3086.118148, 3007.242583, 2010.278691, 1368.238344, 1047.898976, 938.179242, 902.405104, 583.60435, 524.292564, 474.012327, 368.923504, 311.933667, 264.49019, 209.040236, 151.758158, 95.841255, 29.873602]	Input File Tutorial.
Rh	111	CH2CO-OH	-1.476	[3686.112875, 3134.467649, 3044.85351, 1478.876964, 1411.820476, 1035.283847, 971.951588, 919.54324, 828.287724, 676.583203, 580.852764, 534.983227, 443.66773, 381.671511, 372.804098, 286.940343, 271.090322, 158.155945, 123.966634, 118.267534]	Input File Tutorial.
Rh	111	CH2COH	-0.053453922	[3537.497277, 3036.893177, 2972.617326, 1392.186775, 1284.078599, 1113.583852, 980.468435, 971.003793, 950.967741, 584.498002, 580.569102, 494.516688, 425.45094, 279.278122, 260.740211, 165.088664, 150.04449, 113.055477]	Input File Tutorial.
Rh	111	CH2COO	-2.092	[3150.641376, 3062.259061, 1442.120928, 1270.695534, 1245.085824, 1004.165539, 959.589046, 904.20222, 733.126426, 683.533474, 580.211316, 447.113674, 367.618088, 316.185673, 310.733671, 129.576981, 107.061167, 93.879647]	Input File Tutorial.
Rh	111	CH2COO-H	-1.628	[3165.202021, 3074.852398, 1450.2183, 1346.992916, 1235.572945, 1018.520834, 951.679605, 898.200352, 854.120699, 791.618376, 733.040334, 651.971912, 579.648159, 453.517216, 354.688337, 281.662903, 246.573448, 165.896149, 117.949276, 90.799456]	Input File Tutorial.
Rh	111	CH2COOH	-2.597	[3673.841664, 3110.355504, 3014.129371, 1528.612949, 1431.567086, 1327.721314, 1176.565308, 1056.903481, 979.098293, 896.369755, 698.136981, 661.114661, 607.421769, 580.370727, 461.563095, 328.212707, 221.033078, 121.228456, 91.290956, 82.043998, 31.703525]	Input File Tutorial.
Rh	111	CH2O	-0.958	[3037.230573, 2951.022767, 1441.501577, 1150.13742, 1107.756825, 907.898499, 645.726622, 470.89858, 334.363065, 239.138435, 191.61749, 127.56532]	Input File Tutorial.
Rh	111	CH2O-H	-0.446	[3028.825683, 2945.004603, 1428.718514, 1155.791902, 1113.279511, 1056.109806, 901.422718, 630.248348, 553.561987, 448.626636, 322.029236, 256.155512, 168.547212, 111.625098]	Input File Tutorial.
Rh	111	CH2O-OH	-3.046	[3678.288188, 3055.707623, 2965.177604, 1539.862827, 1408.214607, 1201.467228, 1110.18924, 780.184235, 736.455741, 570.539936, 377.822784, 314.121486, 228.607336, 179.079628, 136.328708, 106.302253, 100]	Input File Tutorial.
Rh	111	CH2OH	-1.316	[3645.438491, 3091.540105, 3002.088565, 1422.533028, 1307.627867, 1144.075456, 1074.676373, 816.647796, 655.183074, 525.966904, 491.277687, 260.513631, 128.43835, 120.096694, 75.988059]	Input File Tutorial.
Rh	111	CH2OO	-2.966	[2947.40222, 2887.692375, 1455.409001, 1337.233923, 1191.826816, 1061.038529, 1001.377771, 824.331324, 588.767592, 400.753532, 341.502017, 271.467479, 146.535237, 137.253332, 67.583109]	Input File Tutorial.
Rh	111	CH2OO-H	-2.726	[2976.907271, 2922.787785, 1456.010843, 1340.966994, 1203.07373, 1067.797505, 1040.094847, 952.876787, 845.607481, 599.112528, 425.760252, 349.098374, 335.28099, 273.126076, 211.143158, 138.67235, 104.997861]	Input File Tutorial.
Rh	111	CH2OOH	-3.654	[3664.403956, 3039.020266, 2972.58188, 1473.929993, 1375.569719, 1312.660064, 1217.62487, 1027.734706, 1015.014379, 808.723156, 551.39816, 500.037733, 318.627456, 265.404146, 194.871069, 133.358482, 109.370177, 101.842093]	Input File Tutorial.
Rh	111	CH3	0.704	[3083.929071, 3072.227178, 2974.904647, 1420.235887, 1415.506369, 1148.630669, 678.772131, 670.921487, 447.094302, 104.151939, 96.179208, 56.181419]	Input File Tutorial.
Rh	111	CH3-CH2O	1.0868094	[3108.349834, 3073.924522, 3009.609857, 3001.754394, 2901.464868, 1466.150236, 1435.714116, 1394.587665, 1286.26493, 1239.401195, 1168.247145, 1005.95626, 840.689755, 719.031481, 608.750228, 408.156268, 288.352821, 285.103096, 190.666385, 126.939484, 111.649805, 100, 86.678185]	Input File Tutorial.
Rh	111	CH3-CH2OH	1.3632388	[3667.353005, 3095.792429, 3036.620252, 2999.298731, 2819.761557, 2332.762908, 1438.838449, 1398.190529, 1346.354195, 1296.774038, 1267.563283, 1253.021981, 1065.083434, 961.080467, 846.734652, 805.079282, 734.405191, 421.634938, 381.051246, 328.483394, 297.557282, 227.994672, 175.634316, 155.679074, 128.909162, 109.801036, 103.698061, 91.430525, 87.890457]	Input File Tutorial.
Rh	111	CH3-CHO	1.1551272	[3122.01757, 3046.639788, 2925.582932, 2920.167362, 1421.594885, 1407.32475, 1272.539327, 1254.559899, 1203.282431, 941.604349, 817.374847, 674.966336, 524.678487, 390.469688, 323.346708, 317.429699, 167.201852, 132.171874, 91.231505, 86.542882]	Input File Tutorial.
Rh	111	CH3-CHOH	0.896282	[3476.977232, 3117.631197, 3058.004681, 3036.822274, 2936.209545, 1432.506108, 1404.683482, 1377.692417, 1206.388377, 1189.362417, 1050.607073, 1005.235332, 828.475313, 723.998954, 507.55537, 442.662535, 370.288779, 325.045085, 239.014281, 132.441353, 105.037738, 81.735948, 16.896564]	Input File Tutorial.
Rh	111	CH3-CHOO	-1.04	[3137.010816, 3038.205797, 2957.348151, 2508.180929, 1424.593339, 1335.701852, 1313.246765, 1191.255328, 1161.973788, 1137.52556, 1036.756156, 724.356691, 694.426445, 653.477312, 438.261362, 389.625362, 372.774491, 295.443065, 236.415596, 212.403834, 128.973804, 107.651385, 89.072912]	Input File Tutorial.
Rh	111	CH3-CHOOH	-1.069	[3595.604228, 3131.578032, 3075.871954, 3031.876271, 2381.399517, 1410.434177, 1401.702456, 1340.409121, 1276.69509, 1217.62659, 1164.636178, 1113.16618, 1005.312016, 718.562323, 652.923117, 580.545039, 495.114821, 397.01529, 312.135859, 243.029096, 233.582775, 208.027711, 125.215734, 100, 90.685488, 77.142723]	Input File Tutorial.
Rh	111	CH3-CO	0.5931401	[3160.594599, 3061.367026, 2575.661493, 1807.005521, 1426.629848, 1336.458711, 1204.604138, 828.410941, 728.00149, 462.824286, 404.92754, 325.365775, 312.166857, 250.580447, 100.922213, 99.945212, 37.73618]	Input File Tutorial.
Rh	111	CH3-COH	0.7147079	[3596.845077, 3166.314473, 3080.788842, 2902.619539, 1429.265622, 1412.598701, 1225.158654, 1216.395192, 1034.293267, 862.153335, 812.452175, 474.807674, 462.392718, 346.705554, 345.440529, 283.000584, 271.674725, 190.629545, 138.427825, 86.669061]	Input File Tutorial.
Rh	111	CH3-COO	-1.297	[3164.123612, 3081.49415, 2923.394243, 1425.227259, 1415.177361, 1323.532797, 1189.80819, 1053.876016, 838.16696, 776.497169, 638.870282, 455.506635, 343.592027, 314.443684, 282.06656, 269.648767, 135.176473, 119.920367, 100, 60.213777]	Input File Tutorial.
Rh	111	CH3-COOH	-1.558	[3560.469254, 3097.557059, 3083.816944, 2978.556862, 1434.032921, 1421.562745, 1410.185391, 1203.813225, 1193.076308, 966.276883, 818.497169, 761.024846, 650.014464, 539.427356, 442.197644, 335.992979, 319.218749, 281.448194, 226.482201, 128.092807, 117.390505, 95.655615, 77.939531]	Input File Tutorial.
Rh	111	CH3-H	0.866	[3121.867464, 3088.893235, 3001.426631, 1783.150615, 1440.344488, 1412.370681, 1203.210701, 829.821633, 759.890289, 408.908259, 153.506988, 119.133675, 107.692457, 71.641573]	Input File Tutorial.
Rh	111	CH3-O	0.042	[3224.57143, 3152.398325, 3006.196279, 1417.075216, 1408.666049, 1129.624132, 827.960038, 715.692076, 393.172574, 282.505838, 228.66852, 173.071904, 166.415982, 82.656228]	Input File Tutorial.
Rh	111	CH3-OH	-0.387	[3663.167473, 3154.018876, 3056.293242, 1685.106907, 1384.94645, 1295.422004, 1134.710089, 825.717943, 793.710365, 723.511249, 636.520992, 416.231241, 381.079467, 348.941788, 178.409603, 146.271914, 114.545616]	Input File Tutorial.
Rh	111	CH3C(-H)O	-0.20781851	[3099.757543, 3059.278146, 2985.165867, 1616.028968, 1455.908778, 1454.483367, 1385.403286, 1369.014725, 1076.489682, 1054.850217, 1017.11336, 883.954384, 758.182285, 523.685026, 284.239351, 212.429115, 160.407031, 127.344244, 123.815173, 47.058396]	Input File Tutorial.
Rh	111	CH3C(-H)OH	-0.58579147	[3467.450247, 3070.283104, 3005.001682, 2899.683766, 1934.181616, 1453.752285, 1405.04426, 1384.505832, 1280.59378, 1102.575681, 1003.322563, 985.606005, 896.655795, 654.356576, 542.336078, 458.040235, 426.256773, 264.88092, 249.169115, 203.531392, 135.751497, 119.014458, 97.265629]	Input File Tutorial.
Rh	111	CH3C(-H)OO	-2.195	[3127.169665, 3095.222892, 3007.720878, 1464.701495, 1460.985323, 1367.078199, 1268.807465, 1199.434923, 1125.76542, 1083.299263, 1036.328976, 936.951901, 924.820309, 669.231744, 584.151912, 526.290326, 336.366607, 262.957973, 201.310753, 188.397002, 140.123027, 116.41459, 100.198482]	Input File Tutorial.
Rh	111	CH3C(-H)OOH	-2.554	[3641.323701, 3113.742018, 3080.562612, 2995.660428, 1691.491437, 1468.99024, 1466.627197, 1422.940573, 1379.234307, 1171.895389, 1107.56809, 1005.823511, 968.048192, 783.45998, 708.847008, 618.344747, 566.100463, 505.355883, 420.799781, 239.78318, 196.700435, 192.753863, 162.170726, 124.088267, 87.943817, 72.146409]	Input File Tutorial.
Rh	111	CH3CH(-H)O	0.5265256	[3079.087643, 3061.116068, 2980.593495, 2973.439009, 1990.946735, 1460.553248, 1456.836216, 1382.425509, 1334.675088, 1199.08431, 1069.177878, 1051.243389, 995.238157, 846.959495, 521.164551, 496.561118, 382.53441, 252.767966, 215.268716, 180.658388, 146.9747, 108.465743, 71.90071]	Input File Tutorial.
Rh	111	CH3CH(-H)OH	-0.32867765	[3598.4163, 3076.561278, 3065.383317, 3048.036872, 2975.862399, 2038.36673, 1473.42928, 1463.550796, 1392.931929, 1387.023712, 1246.703539, 1211.136629, 1044.239115, 1033.106617, 967.328356, 783.806992, 561.606173, 501.673132, 448.904977, 374.372646, 255.027116, 219.481208, 103.42396, 100, 77.922717, 53.686914]	Input File Tutorial.
Rh	111	CH3CH2O	-0.051853776	[3063.778258, 3029.415474, 2997.235324, 2954.589598, 2944.581017, 1473.004909, 1462.308081, 1455.214793, 1379.844312, 1350.506415, 1274.148628, 1127.950407, 1069.175131, 996.667404, 847.308947, 795.448885, 441.880131, 314.328566, 287.337218, 239.057998, 133.102929, 79.926382, 52.939116, 38.604587]	Input File Tutorial.
Rh	111	CH3CH2O-H	-0.100838184	[3062.707249, 3048.460733, 3010.463095, 2970.020247, 2964.381205, 1483.862677, 1467.747089, 1465.187356, 1382.291542, 1346.390099, 1266.50862, 1130.886034, 1092.547196, 1078.149202, 984.246771, 844.898008, 798.746219, 452.144615, 425.530219, 293.557699, 251.982062, 207.214062, 160.991426, 100, 92.223811, 46.737899]	Input File Tutorial.
Rh	111	CH3CHO	-0.082312584	[3076.124055, 3031.633248, 2955.40142, 2932.847646, 1457.699713, 1450.850122, 1375.263826, 1323.370197, 1121.048821, 1066.226338, 1022.021953, 898.98223, 806.325099, 508.490099, 444.755507, 309.973586, 225.092003, 211.680643, 171.719577, 129.969943, 96.621207]	Input File Tutorial.
Rh	111	CH3CHO-H	0.06768161	[3076.521131, 3021.475015, 2955.91008, 2936.917066, 1457.827372, 1449.339416, 1372.302036, 1312.665891, 1121.04072, 1108.989734, 1046.172975, 1011.442128, 881.838472, 798.237226, 552.669174, 499.384038, 413.107737, 296.605525, 218.18713, 208.391317, 166.594967, 126.585655, 70.801972]	Input File Tutorial.
Rh	111	CH3CHO-O	-1.97	[3100.148688, 3041.545833, 2977.517455, 2969.231147, 1465.929334, 1446.811506, 1418.522664, 1369.550362, 1324.986671, 1100.332214, 1050.509154, 919.392315, 860.833086, 513.30289, 423.667643, 413.189306, 332.029125, 266.077914, 190.089845, 180.534237, 114.100721, 89.52084, 78.566974]	Input File Tutorial.
Rh	111	CH3CHO-OH	-2.665	[3706.861652, 3107.103091, 3074.433208, 2994.239189, 2987.822161, 1502.333105, 1463.567989, 1450.925732, 1379.914419, 1332.326414, 1110.930803, 1064.462521, 944.961924, 879.908717, 800.002698, 550.118008, 503.747709, 404.190423, 334.26346, 224.129564, 202.214966, 186.042929, 134.023081, 90.177884, 62.447676, 39.247984]	Input File Tutorial.
Rh	111	CH3CHOH	0.3942067	[3647.626866, 3086.634117, 3039.17683, 2996.324696, 2960.534269, 1464.675422, 1458.774223, 1378.74418, 1344.301898, 1229.317848, 1119.738445, 1022.62866, 1003.215082, 922.118071, 743.310419, 516.862255, 483.471496, 409.0277, 266.135105, 218.97959, 204.790707, 118.445323, 94.464047, 79.491509]	Input File Tutorial.
Rh	111	CH3CHOO	-2.38	[3093.430612, 3059.430139, 2967.822918, 2898.493049, 1461.322529, 1452.088394, 1367.57482, 1303.907978, 1274.451682, 1071.689383, 1044.346937, 1021.97869, 847.725917, 777.550287, 612.026864, 510.55862, 450.770039, 341.339191, 321.884195, 223.1242, 184.36348, 119.427648, 71.281639, 51.939805]	Input File Tutorial.
Rh	111	CH3CHOO-H	-2.168	[3093.776778, 3072.903717, 2983.265132, 2926.742548, 1465.531152, 1460.471085, 1371.710279, 1310.470805, 1288.17444, 1112.517869, 1083.256328, 1030.478219, 1009.066931, 835.154201, 794.666246, 608.931142, 556.035584, 490.440041, 437.49556, 335.621369, 305.913102, 228.532577, 195.964492, 193.185793, 108.417792, 73.952006]	Input File Tutorial.
Rh	111	CH3CHOOH	-3	[3700.792077, 3094.373805, 3085.887733, 3001.619923, 2947.152462, 1472.446263, 1467.880302, 1412.901763, 1380.266724, 1322.351504, 1259.097608, 1104.506272, 1072.64585, 1016.586862, 877.464977, 761.83264, 595.581992, 487.460419, 431.834832, 379.919543, 251.645077, 216.974295, 181.003161, 158.850704, 100, 46.441009, 37.025151]	Input File Tutorial.
Rh	111	CH3CO	-0.8338213	[3100.051152, 3059.557458, 2979.864941, 1465.108587, 1446.398514, 1416.686823, 1351.074158, 1084.76263, 982.888333, 922.65556, 591.164791, 425.65941, 329.873115, 242.432616, 138.465518, 122.942696, 109.738795, 64.406792]	Input File Tutorial.
Rh	111	CH3CO-H	-0.003842771	[3062.354816, 3005.929304, 2851.901311, 1530.691662, 1443.338117, 1384.116705, 1366.128404, 1267.652445, 1017.045326, 937.629616, 908.314572, 553.581139, 404.228423, 331.15791, 253.973852, 226.134417, 166.070245, 112.375205, 105.971289, 46.562715]	Input File Tutorial.
Rh	111	CH3CO-O	-1.874	[3124.237938, 3062.67529, 2990.474428, 1459.994702, 1453.039925, 1418.435473, 1371.214493, 1068.401007, 1004.508641, 932.608086, 579.67956, 486.688866, 412.647223, 316.438191, 293.417218, 240.043179, 181.165132, 176.451318, 136.228228, 116.567806]	Input File Tutorial.
Rh	111	CH3CO-OH	-2.517	[3683.229024, 3115.517848, 3063.882404, 2985.172085, 1454.89458, 1446.877592, 1366.945323, 1333.390965, 1065.311892, 1000.228836, 921.717338, 806.877184, 640.948014, 562.175525, 443.15145, 381.710497, 314.691314, 278.496199, 209.401508, 202.703412, 122.534566, 110.820249, 102.678579]	Input File Tutorial.
Rh	111	CH3COH	-0.00038838387	[3443.691864, 3048.673837, 2993.781079, 2854.963635, 1459.09987, 1386.318279, 1375.522087, 1266.741811, 1109.463574, 990.229832, 957.26291, 910.87607, 531.103299, 480.27822, 328.422508, 277.133085, 268.410529, 190.428469, 139.928141, 129.05977, 94.035104]	Input File Tutorial.
Rh	111	CH3COO	-3.266	[3127.368263, 3089.317177, 3010.426653, 1480.236287, 1466.12846, 1427.908449, 1377.387427, 1354.273029, 1037.36991, 1024.259183, 915.138112, 649.489332, 585.144497, 523.749539, 248.298177, 205.000941, 137.734823, 110.882586, 85.898726, 68.864993, 24.900212]	Input File Tutorial.
Rh	111	CH3COO-H	-2.593	[3124.630904, 3086.820925, 3005.148614, 1501.017343, 1465.733104, 1445.349517, 1371.983481, 1333.833368, 1037.214378, 1024.347819, 917.396566, 725.839654, 669.549444, 595.704209, 575.896084, 469.163072, 202.847925, 193.986471, 144.508885, 137.703627, 100, 37.460331]	Input File Tutorial.
Rh	111	CH3COOH	-2.653	[3668.526493, 3102.137497, 3073.051828, 2978.075236, 1468.256842, 1455.791563, 1373.371963, 1279.170514, 1095.521999, 1062.682292, 1010.170581, 907.588635, 625.487659, 575.720513, 551.206764, 505.229283, 425.516187, 293.20879, 240.479981, 219.339059, 198.930015, 133.929846, 126.442364, 91.185828]	Input File Tutorial.
Rh	111	CH3O	-1.461	[3063.73639, 3062.05867, 2971.956552, 1467.342956, 1463.63904, 1433.462318, 1136.075655, 1134.125046, 965.561092, 282.417572, 274.226272, 256.69862, 134.650294, 84.908584, 76.228268]	Input File Tutorial.
Rh	111	CH3O-H	-0.881	[3031.543267, 2998.564031, 2932.433209, 1458.195771, 1452.109272, 1425.41245, 1130.808536, 1125.266599, 970.088476, 888.98012, 410.274444, 337.204312, 224.318692, 154.279688, 133.367796, 55.866435, 18.022688]	Input File Tutorial.
Rh	111	CH3OH	-1.935	[3730.422693, 3103.824155, 3064.007473, 2980.050611, 1482.40071, 1470.744544, 1446.398535, 1322.386135, 1147.023488, 1055.237193, 947.398364, 426.527629, 208.296006, 161.419698, 127.682848, 100, 64.496771, 53.962439]	Input File Tutorial.
Rh	111	CHC(-H)O	1.0936676	[3005.873969, 1746.945059, 1678.877807, 1081.577238, 959.227415, 713.6419, 689.732462, 617.476023, 578.191411, 377.922611, 315.447874, 267.025826, 145.072433, 65.296895]	Input File Tutorial.
Rh	111	CHC(-H)OH	0.90903497	[3668.880645, 3073.16568, 1814.597548, 1371.424312, 1194.084568, 1065.814132, 1001.119302, 737.062904, 715.064405, 644.394373, 558.900932, 479.79054, 413.30976, 286.443815, 254.437618, 159.814614, 37.428437]	Input File Tutorial.
Rh	111	CHC(-H)OOH	-0.94	[3738.27441, 2965.718623, 1757.114533, 1325.125973, 1188.541834, 1153.486536, 1058.169379, 1015.928537, 1001.589131, 746.322178, 718.594249, 622.316851, 602.255945, 390.463025, 317.634297, 294.597888, 277.247838, 180.867519, 161.433231, 95.182996]	Input File Tutorial.
Rh	111	CHCH(-H)O	0.9357906	[2944.756216, 2925.760317, 1829.631004, 1372.134869, 1260.498311, 1148.91056, 1073.241301, 1034.853989, 912.498803, 759.509257, 630.989113, 505.410661, 462.596758, 373.578165, 277.238923, 191.548237, 120.575325]	Input File Tutorial.
Rh	111	CHCH(-H)OH	0.31310463	[3581.254739, 3051.636373, 2908.921347, 1990.411596, 1381.275924, 1221.568822, 1141.958971, 1093.941719, 1046.852993, 949.907736, 658.40941, 577.739861, 552.807445, 489.499024, 441.871515, 352.906617, 276.24775, 202.956894, 147.595511, 126.09881]	Input File Tutorial.
Rh	111	CHCH2O	0.6298828	[2919.91666, 2892.656835, 2864.64867, 1413.497073, 1292.878646, 1168.400093, 1160.426685, 1017.669585, 887.221081, 871.06931, 723.44329, 594.331006, 469.679384, 395.513373, 326.155573, 153.106649, 125.206706, 54.595784]	Input File Tutorial.
Rh	111	CHCH2O-H	0.97673786	[2967.023265, 2938.853297, 2505.305473, 1453.745495, 1252.074854, 1174.865235, 1113.854029, 958.987563, 923.25719, 894.32086, 873.296942, 678.901336, 619.700235, 530.136585, 467.414055, 311.103938, 289.123527, 221.638523, 161.125284, 104.596048]	Input File Tutorial.
Rh	111	CHCH2OH	0.07882726	[3679.308988, 3003.100912, 2857.070908, 2804.300054, 1442.36155, 1364.88409, 1300.012632, 1219.758429, 1133.622427, 988.412489, 955.962645, 889.490981, 732.875059, 544.562575, 407.509318, 351.689107, 259.055142, 202.074625, 117.17707, 100, 65.845785]	Input File Tutorial.
Rh	111	CHCHO	0.5143161	[3006.817974, 2975.871684, 1440.312294, 1332.078639, 1205.912832, 1052.810691, 922.523251, 777.829103, 676.154639, 436.056471, 310.606742, 286.405619, 239.799276, 150.868995, 109.881597]	Input File Tutorial.
Rh	111	CHCHO-H	1.1943774	[3001.147909, 2977.857524, 1456.771867, 1321.126706, 1204.960479, 1053.16578, 913.79075, 788.869389, 741.645879, 670.356975, 601.866677, 415.382392, 294.728478, 196.841484, 188.136094, 114.82447, 60.409939]	Input File Tutorial.
Rh	111	CHCHO-OH	-1.26	[3684.388678, 2990.910823, 2965.002679, 1346.282731, 1268.593289, 1149.540779, 1072.667037, 969.823881, 904.797817, 700.28496, 655.756763, 578.68222, 497.964458, 465.441034, 359.203314, 333.662117, 293.345062, 194.649523, 138.862458, 81.597421]	Input File Tutorial.
Rh	111	CHCHOH	0.0559029	[3727.618068, 2983.778386, 2965.493134, 1342.913981, 1194.806534, 1062.966476, 1051.39446, 951.032775, 817.386413, 610.915347, 542.95746, 496.641272, 453.495025, 387.856311, 277.017671, 207.807055, 123.929427, 100]	Input File Tutorial.
Rh	111	CHCHOOH	-1.433	[3661.947866, 2942.79087, 2925.056698, 1370.326594, 1269.73628, 1208.054403, 1148.544625, 983.076684, 918.174855, 857.137287, 743.94559, 626.265495, 561.699612, 543.253806, 391.403908, 347.592317, 334.19474, 241.599937, 116.772323, 93.494461, 48.976585]	Input File Tutorial.
Rh	111	CHCO	0.5840059	[3022.499297, 1698.903719, 1039.790531, 920.156345, 719.222106, 600.745901, 501.100662, 412.139882, 333.759715, 198.335958, 133.65137, 28.857138]	Input File Tutorial.
Rh	111	CHCO-H	1.390301	[3073.445809, 1465.500303, 1124.545888, 1028.327451, 977.008488, 720.632788, 626.518249, 530.418524, 452.790611, 391.790106, 311.392802, 252.318232, 163.765409, 130.699774]	Input File Tutorial.
Rh	111	CHCO-O	-0.321	[2987.268846, 1893.461471, 1106.81897, 936.098134, 652.000167, 578.380402, 518.294801, 463.722307, 337.854337, 295.077792, 269.487231, 224.770943, 102.057623, 54.142143]	Input File Tutorial.
Rh	111	CHCO-OH	-0.921	[3662.054789, 2961.761204, 1723.708366, 1045.4903, 897.75505, 858.666029, 621.432534, 602.486296, 553.041768, 471.507146, 417.616456, 326.140175, 292.964604, 230.068279, 117.812419, 93.126307, 75.777919]	Input File Tutorial.
Rh	111	CHCOH	0.5027486	[3678.973348, 3064.354333, 1366.262482, 1205.431176, 1062.624994, 1013.419487, 766.630132, 634.995265, 507.260081, 447.170153, 379.350995, 297.467797, 239.825813, 143.402202, 97.909181]	Input File Tutorial.
Rh	111	CHCOO	-1.289	[2980.313042, 1624.364203, 1154.087711, 1086.406913, 857.793313, 753.713822, 667.250439, 652.41808, 597.167542, 319.322726, 316.505152, 296.737493, 128.846841, 112.332697, 85.747578]	Input File Tutorial.
Rh	111	CHCOO-H	-0.41	[2996.799292, 1450.213503, 1280.181318, 1142.755476, 1105.191122, 880.884805, 756.945595, 678.670341, 645.166691, 562.420465, 543.870287, 440.402813, 317.915008, 220.942641, 176.005849, 124.949592, 101.225472]	Input File Tutorial.
Rh	111	CHCOOH	-2.195	[3687.625545, 3012.13076, 1495.830248, 1351.312585, 1186.381635, 1117.798279, 933.579288, 781.356325, 686.988274, 636.231244, 624.932204, 561.960873, 312.32539, 300.478989, 230.15893, 140.356097, 115.967453, 48.412458]	Input File Tutorial.
Rh	111	CHO	-0.925	[2905.78985, 1435.129741, 1200.346099, 771.803535, 551.058805, 335.708363, 220.661048, 181.768415, 104.28817]	Input File Tutorial.
Rh	111	CHO-H	-0.309	[2931.035094, 1421.543792, 1237.928395, 953.699115, 798.605173, 551.939695, 439.250642, 366.993852, 124.498722, 109.493509, 59.919826]	Input File Tutorial.
Rh	111	CHO-O	-2.177	[3014.635131, 1439.034685, 1171.530647, 886.452734, 548.802948, 413.832412, 390.986852, 304.411094, 249.58115, 177.197193, 130.787828]	Input File Tutorial.
Rh	111	CHOH	-0.897	[3524.962335, 2930.812085, 1369.756567, 1156.841365, 1074.704044, 825.16843, 464.807852, 378.862566, 311.078214, 262.853469, 125.599586, 73.000307]	Input File Tutorial.
Rh	111	CO	-1.441	[1727.212729, 325.355778, 282.612807, 281.356106, 169.048749, 151.025696]	Input File Tutorial.
Rh	111	CO-CH2O	-0.987	[3040.800348, 2949.822595, 1497.716337, 1490.281062, 1289.014082, 1171.70053, 1010.354916, 690.45249, 403.205977, 338.834928, 293.723507, 261.455166, 225.121999, 153.705349, 140.76057, 112.098873, 52.360397]	Input File Tutorial.
Rh	111	CO-H	-0.023	[1453.265176, 1242.296772, 547.17085, 408.655955, 363.675626, 341.554355, 202.21358, 148.950002]	Input File Tutorial.
Rh	111	CO-O	-2.408	[1880.413598, 568.624245, 428.455142, 384.558772, 270.645723, 266.429916, 120.469901, 45.922385]	Input File Tutorial.
Rh	111	CO-OH	-2.962	[3662.768682, 1696.171491, 876.781389, 619.691461, 539.576326, 336.123963, 255.663883, 188.867905, 137.940948, 118.340512, 64.561162]	Input File Tutorial.
Rh	111	CO2	-3.04	[1706.542452, 1100.1593, 657.310479, 495.386838, 299.424389, 177.406258, 141.503061, 103.251369, 44.839048]	Input File Tutorial.
Rh	111	COCH(-H)O	-1.14	[2966.735522, 1654.295009, 1348.142855, 1277.205064, 1201.068612, 1013.194886, 995.26979, 730.341034, 542.238669, 515.593924, 442.188276, 341.512955, 300.203947, 275.370332, 172.538951, 148.176531, 137.566299]	Input File Tutorial.
Rh	111	COCH2O	-1.493	[2951.758487, 2905.921148, 1423.785542, 1292.208814, 1273.713996, 1163.876752, 986.798011, 923.448681, 874.768392, 520.461856, 516.240733, 378.581542, 306.961245, 238.256633, 170.624002, 157.506266, 127.532843, 51.863274]	Input File Tutorial.
Rh	111	COCH2O-H	-1.249	[2987.091219, 2927.761041, 1452.668585, 1414.943805, 1273.558897, 1185.373687, 1027.421473, 947.294163, 919.591794, 882.063933, 603.148078, 535.263654, 483.918302, 316.32494, 306.000885, 290.042881, 184.081802, 154.162004, 120.127344, 69.63759]	Input File Tutorial.
Rh	111	COH	-1.117	[3656.186536, 1219.499966, 1093.195306, 442.508132, 418.099392, 377.29219, 173.382341, 158.613501, 86.275785]	Input File Tutorial.
Rh	111	COO-H	-2.506	[1514.761372, 1173.395514, 896.828451, 691.85446, 549.649146, 443.117383, 371.079481, 298.831513, 176.418159, 98.842473, 90.220117]	Input File Tutorial.
Rh	111	COOH	-3.626	[3695.789496, 1464.791577, 1217.651938, 1114.844738, 692.90426, 570.465256, 465.902218, 323.457929, 270.91279, 162.766896, 158.177265, 86.180447]	Input File Tutorial.
Rh	111	H	-0.374	[1067.833913, 706.937492, 685.074059]	Input File Tutorial.
Rh	111	H-CCH2O	1.444818	[2996.362079, 2942.812265, 1847.638088, 1453.863144, 1279.883809, 1142.408199, 1055.1345, 972.529885, 861.701546, 597.057582, 499.810181, 410.120365, 374.192627, 310.249811, 244.154253, 202.965544, 135.104419]	Input File Tutorial.
Rh	111	H-CCH2OH	0.109214365	[3683.263794, 3039.258057, 2933.461304, 1922.64117, 1446.934593, 1368.791615, 1315.978969, 1172.143673, 991.635921, 961.713518, 934.45811, 623.027527, 475.640549, 364.119677, 347.724461, 332.715394, 233.379714, 186.773963, 80.83247, 47.786461]	Input File Tutorial.
Rh	111	H-CCHO	1.6478596	[3000.838089, 1826.867527, 1380.982374, 1310.787005, 1105.042912, 898.145566, 657.364282, 484.72962, 425.432701, 360.006601, 247.446243, 209.418563, 158.602048, 53.029552]	Input File Tutorial.
Rh	111	H-CCHOH	0.6234875	[3765.302197, 3109.131159, 1853.761693, 1447.618093, 1241.749416, 1190.555085, 1041.319154, 785.850224, 702.782743, 492.132334, 457.765821, 400.946061, 332.985408, 296.838992, 241.135704, 115.498065, 98.874085]	Input File Tutorial.
Rh	111	H-CCHOOH	-0.985	[3609.957062, 3018.254319, 1859.617511, 1389.127461, 1254.479876, 1213.411839, 1070.785767, 983.865314, 814.503226, 669.864383, 577.000035, 525.904691, 466.692263, 392.909292, 370.503876, 312.842292, 253.782451, 192.433407, 125.110833, 72.037353]	Input File Tutorial.
Rh	111	H-CCO	1.7764804	[2073.889992, 1795.854476, 1189.476444, 565.85397, 480.786948, 341.471234, 330.583691, 299.118063, 259.307129, 64.798329, 20.927148]	Input File Tutorial.
Rh	111	H-CCOH	1.4641151	[3696.922693, 1759.460955, 1349.086101, 1212.700886, 984.028384, 663.915268, 504.991209, 431.540084, 393.568792, 367.159853, 346.296399, 281.186615, 180.301226, 100]	Input File Tutorial.
Rh	111	H-CCOO	-0.695	[1841.053088, 1645.890601, 1043.922668, 873.433377, 683.092897, 675.698871, 600.995701, 445.695194, 391.502749, 297.180349, 270.648952, 146.055515, 121.24732, 42.35277]	Input File Tutorial.
Rh	111	H-CCOOH	-1.399	[3674.483511, 1829.647385, 1481.91958, 1355.215831, 1135.372292, 954.806605, 679.88365, 645.345752, 620.595578, 576.106009, 424.636167, 361.717384, 293.895357, 226.82514, 126.34997, 108.9748, 56.7034]	Input File Tutorial.
Rh	111	H-CH2CH2O	0.39690065	[3058.795286, 3003.913215, 2995.797714, 2939.371182, 1699.103088, 1461.669169, 1427.957186, 1336.091289, 1233.458984, 1145.258492, 1105.519127, 998.390207, 907.099166, 880.000631, 733.605822, 561.149095, 397.406689, 358.06148, 310.087314, 269.039371, 135.50659, 115.354811, 96.751574]	Input File Tutorial.
Rh	111	H-CH2CH2OH	0.1611988	[3727.11472, 3061.112048, 3005.527269, 2977.444258, 2928.676775, 1782.814894, 1470.260607, 1432.209044, 1389.814459, 1264.121798, 1214.888087, 1173.395117, 1078.998701, 1008.700973, 957.12496, 849.188043, 706.468021, 534.270776, 458.938748, 354.463004, 312.036767, 215.864947, 169.524355, 109.741027, 96.056515, 72.981388]	Input File Tutorial.
Rh	111	H-CH2CHO	0.527171	[3153.758946, 3058.026616, 2884.636844, 1622.938316, 1439.470708, 1380.935472, 1247.75186, 1148.129695, 1073.979752, 994.724803, 895.985101, 842.323152, 498.326021, 460.877402, 350.315703, 253.608655, 245.966967, 131.830373, 122.871368, 88.967565]	Input File Tutorial.
Rh	111	H-CH2CHOH	0.28801167	[3615.215334, 3161.018086, 3081.140064, 3066.347345, 1469.044154, 1412.774407, 1364.781749, 1263.718763, 1174.599427, 1121.121238, 1034.891491, 988.632599, 880.226433, 847.67435, 532.963926, 466.150273, 428.01859, 354.059683, 320.199186, 220.234753, 138.332752, 125.935891, 107.66848, 97.325723, 61.077911, 52.661976]	Input File Tutorial.
Rh	111	H-CH2CHOOH	-1.764	[3746.349713, 3081.245748, 3016.488909, 2931.582428, 1684.693186, 1423.481081, 1383.323955, 1312.905194, 1245.288538, 1130.177666, 1091.500503, 1003.70129, 924.261742, 844.746456, 751.904949, 585.759775, 550.163704, 497.157351, 365.292892, 349.420909, 272.299239, 251.033514, 189.48055, 116.402336, 99.268594, 31.112904]	Input File Tutorial.
Rh	111	H-CH2CO	0.44510427	[3143.434696, 3038.996699, 1731.900042, 1425.43034, 1323.169706, 1081.734264, 1076.40915, 995.08805, 884.672012, 584.876505, 458.745613, 364.710601, 321.00014, 292.010025, 204.940116, 172.549571, 132.312988]	Input File Tutorial.
Rh	111	H-CH2COH	0.25899017	[3538.761063, 3053.419627, 2984.747982, 1989.332604, 1411.082376, 1270.599485, 1137.233565, 1094.45268, 1052.858599, 951.048822, 802.904724, 630.906439, 491.250115, 431.054831, 335.5211, 274.943443, 169.073862, 166.326197, 146.548112, 123.27568]	Input File Tutorial.
Rh	111	H-CH2COO	-1.415	[3082.240018, 3017.561613, 1906.711536, 1669.409347, 1414.465177, 1191.74088, 1119.534123, 1027.773331, 834.296249, 773.717866, 681.040867, 611.758765, 460.585498, 335.410356, 257.635524, 121.578296, 114.940566, 100, 79.613644, 38.913444]	Input File Tutorial.
Rh	111	H-CH2COOH	-2.18	[3676.913291, 3114.768743, 3038.563072, 1888.588127, 1550.83961, 1433.069368, 1334.466799, 1183.718391, 1121.112914, 1047.335781, 884.349733, 775.592381, 705.698685, 612.240402, 573.497919, 428.984345, 340.612177, 242.340755, 182.799627, 112.379956, 89.144125, 68.725846, 39.602767]	Input File Tutorial.
Rh	111	H-CH2O	-0.666	[3063.071477, 2979.740084, 1989.559138, 1441.926235, 1242.319818, 1232.938122, 962.65128, 898.569694, 523.352326, 311.924588, 254.707605, 176.91865, 167.029864, 52.602376]	Input File Tutorial.
Rh	111	H-CH2OH	-0.933	[3636.996426, 3096.538414, 3001.043433, 1951.122912, 1439.29215, 1333.612729, 1229.056562, 1092.887075, 915.333644, 775.64446, 496.10586, 455.999597, 288.675963, 207.948666, 137.913947, 120.047008, 75.637051]	Input File Tutorial.
Rh	111	H-CHCHO	0.7763595	[3044.456409, 2982.38449, 1877.22887, 1443.234683, 1328.250406, 1226.675735, 1046.238612, 947.039597, 887.506193, 698.310423, 472.854021, 441.1571, 303.339212, 255.226455, 216.581363, 140.860819, 100.427664]	Input File Tutorial.
Rh	111	H-CHCHOH	0.55401325	[3725.882831, 2993.132781, 2984.821281, 1893.023493, 1360.367677, 1207.335568, 1111.363138, 1051.054229, 987.671434, 884.688001, 775.589024, 593.228722, 512.232055, 473.043482, 409.695311, 362.307522, 268.725871, 217.264457, 127.67319, 83.800391]	Input File Tutorial.
Rh	111	H-CHCO	1.0323557	[3015.182148, 1889.030167, 1692.421815, 1100.137067, 927.520939, 887.757679, 608.16032, 568.247794, 439.489353, 375.451104, 296.737383, 232.763778, 139.866934, 100]	Input File Tutorial.
Rh	111	H-CHCOH	0.70216477	[3647.753836, 3074.125552, 1874.618538, 1355.400574, 1209.402165, 1088.030449, 1039.559209, 880.755227, 645.008736, 544.808078, 474.05408, 450.814808, 355.473395, 271.996799, 252.805788, 161.229504, 95.690252]	Input File Tutorial.
Rh	111	H-CHCOO	-1.186	[3031.461559, 1893.524363, 1641.638791, 1178.240483, 1125.560946, 950.74444, 858.558866, 715.008501, 668.846933, 611.544447, 421.196898, 319.074474, 301.205963, 291.986088, 133.725415, 110.455227, 88.392119]	Input File Tutorial.
Rh	111	H-CHCOOH	-1.984	[3691.583241, 3052.949428, 1859.280465, 1520.730505, 1356.492042, 1203.529084, 1119.656496, 954.791792, 920.084198, 707.474263, 646.229749, 622.222852, 578.0222, 435.70938, 307.544838, 267.494188, 224.971429, 153.085195, 106.152968, 78.483085]	Input File Tutorial.
Rh	111	H-CHO	-0.612	[2967.881149, 1752.571691, 1314.585346, 1248.891306, 942.380403, 712.208737, 529.339306, 323.495439, 242.193101, 159.476543, 50.980756]	Input File Tutorial.
Rh	111	H-CHOH	-0.758	[3521.7419, 3001.493716, 1914.910901, 1374.442804, 1181.100282, 1053.717942, 1011.208881, 590.956136, 513.012423, 406.250806, 281.873988, 253.320133, 124.323766, 100.073941]	Input File Tutorial.
Rh	111	H-CHOO	-2.748	[2923.994128, 2282.375729, 1383.199802, 1303.696152, 1170.134895, 1032.982786, 918.598724, 886.268092, 553.05556, 419.787564, 409.429646, 267.466599, 169.115395, 109.052907]	Input File Tutorial.
Rh	111	H-CHOOH	-3.112	[3609.636011, 3014.975364, 1626.358904, 1401.912224, 1282.249627, 1246.580026, 1066.303364, 942.832299, 763.11368, 589.728045, 521.624508, 363.422361, 276.922933, 145.77395, 102.551504, 70.610742, 29.418874]	Input File Tutorial.
Rh	111	H-CO	-0.587	[1975.228986, 1732.02953, 1121.154011, 696.626788, 380.465375, 242.283935, 224.046681, 61.669648]	Input File Tutorial.
Rh	111	H-COH	-0.705	[3676.450442, 1921.945228, 1222.219458, 1072.706511, 843.63104, 525.277051, 406.639988, 320.15566, 290.092524, 260.588906, 113.24492]	Input File Tutorial.
Rh	111	H-COO	-2.783	[2016.985466, 1623.687736, 1148.734542, 773.554755, 655.032374, 270.285035, 232.214669, 211.116388, 100.38718, 93.198038, 37.817889]	Input File Tutorial.
Rh	111	H-COOH	-3.129	[3657.171531, 1696.673154, 1420.555712, 1266.604487, 1026.365496, 980.87537, 809.782613, 606.084686, 542.202221, 279.267988, 241.291915, 138.057471, 93.53079, 83.602192]	Input File Tutorial.
Rh	111	H-OCCH2O	-0.751	[2952.844832, 2907.429797, 1490.553807, 1424.711532, 1297.756936, 1228.577453, 1196.941847, 1013.749594, 894.619247, 880.87564, 538.298994, 519.928408, 420.979182, 387.790243, 307.566608, 212.880539, 133.803675, 100, 96.319131, 72.568056]	Input File Tutorial.
Rh	111	H-OCCH2OH	-1.417	[3550.939646, 3067.088557, 2939.466952, 1553.676954, 1454.429792, 1375.378807, 1314.928247, 1197.667805, 1177.367024, 1025.344521, 961.314815, 889.908933, 581.342069, 543.065769, 422.449165, 390.215326, 313.443201, 301.575724, 148.759059, 102.062955, 100, 59.611385, 18.319417]	Input File Tutorial.
Rh	111	H-OCCHO	-0.729	[3007.35605, 1430.854929, 1322.047815, 1151.561184, 1027.310235, 899.834725, 887.640711, 691.935287, 584.739634, 486.778946, 360.750345, 289.32329, 256.202299, 232.360267, 172.281171, 138.964059, 99.231612]	Input File Tutorial.
Rh	111	H-OCCHOH	-1.055	[3699.152086, 3111.097926, 1407.696082, 1280.972486, 1240.928524, 1118.156088, 1019.546179, 922.738761, 805.241399, 751.101457, 645.219819, 488.749859, 429.981522, 340.793515, 335.244773, 268.830079, 168.368949, 121.920981, 93.147408, 79.590473]	Input File Tutorial.
Rh	111	H-OCCOH	-0.692	[3670.338224, 1456.068461, 1274.637739, 1165.093115, 1122.051795, 918.94773, 742.106041, 512.647122, 494.124506, 392.785246, 368.022695, 357.280721, 271.835756, 236.774397, 152.37518, 123.725034, 92.608521]	Input File Tutorial.
Rh	111	H-OCH2CH2OH	-2.027	[3689.553278, 3078.374499, 2987.944621, 2968.658977, 2915.755211, 1458.493991, 1440.753842, 1376.205557, 1357.528234, 1338.112551, 1277.639854, 1176.130119, 1046.286648, 1018.649931, 997.366288, 923.764184, 850.662611, 802.433652, 514.040278, 462.524338, 433.183928, 338.138487, 316.618493, 227.752589, 194.368221, 132.845395, 89.641101, 68.206446, 62.511901]	Input File Tutorial.
Rh	111	H-OCH2CHOH	-1.478	[3701.292762, 2959.977203, 2939.942896, 2864.90865, 1430.750322, 1363.345096, 1328.134739, 1224.093626, 1201.409105, 1099.45717, 1030.31899, 983.547092, 893.895187, 850.754988, 812.756377, 653.73914, 569.068743, 468.052063, 390.953595, 370.243283, 327.362001, 271.080206, 205.331117, 138.320758, 100.428345, 67.442404]	Input File Tutorial.
Rh	111	H-OCHCHOH	-1.337	[3629.281226, 3109.864706, 3039.190764, 1476.544936, 1363.331316, 1239.841397, 1199.979908, 1103.353686, 927.072233, 885.833469, 850.67072, 805.711702, 700.008312, 563.688272, 491.638665, 453.687173, 371.07343, 293.682955, 225.578874, 178.580611, 129.041378, 101.316408, 86.755504]	Input File Tutorial.
Rh	111	H-OCOH	-3.045	[3637.245651, 1479.096275, 1214.892935, 1125.050197, 851.259285, 681.764449, 593.307336, 489.1094, 362.432786, 344.956496, 253.124721, 88.828412, 77.695036, 43.357945]	Input File Tutorial.
Rh	111	H-OH	-1.941	[3631.770296, 1056.689387, 575.570861, 543.398099, 379.01539, 328.649602, 192.735779, 100]	Input File Tutorial.
Rh	111	H2O	-3.2	[3892.728213, 3777.220075, 1627.492669]	Input File Tutorial.
Rh	111	HCO-OH	-3.036	[3688.548816, 2966.826361, 1338.362922, 1151.473701, 921.001058, 762.381389, 640.687878, 519.401913, 393.428076, 360.207608, 319.471518, 191.719952, 141.099879, 80.411827]	Input File Tutorial.
Rh	111	HCOO	-3.808	[2999.752646, 1491.677369, 1350.83036, 1292.842377, 970.730357, 738.327273, 315.297507, 305.533589, 284.419305, 135.815782, 107.513787, 90.399413]	Input File Tutorial.
Rh	111	HCOO-H	-3.196	[2972.132076, 1520.393441, 1341.37337, 1283.831708, 976.033738, 771.543638, 597.67761, 569.34001, 302.856564, 279.291831, 226.838772, 91.776659, 81.920545, 21.400265]	Input File Tutorial.
Rh	111	HCOOH	-3.239	[3620.910647, 3001.741511, 1359.049206, 1231.424311, 1098.789938, 1048.827754, 805.482172, 593.928834, 476.453497, 330.981091, 268.727088, 186.789921, 160.721076, 121.825681, 65.680778]	Input File Tutorial.
Rh	111	HO-CCH2O	-0.797	[3687.51455, 2963.19427, 2920.281259, 1436.277976, 1269.430737, 1131.899256, 1067.468474, 939.552081, 934.120695, 759.807823, 548.834171, 542.663111, 446.132351, 409.860762, 382.269545, 325.5208, 156.480199, 130.578473, 115.136674, 70.676844]	Input File Tutorial.
Rh	111	HO-CCH2OH	-1.553	[3709.591209, 3686.17378, 3055.249252, 2919.761915, 1430.40298, 1367.45128, 1300.375845, 1166.362524, 1044.597365, 970.311504, 906.531747, 754.857444, 649.144709, 601.842997, 450.382259, 396.834199, 335.244602, 249.825164, 242.821628, 159.868666, 132.334247, 95.015563, 55.105206]	Input File Tutorial.
Rh	111	HO-CCHO	-0.723	[3687.404645, 3020.802016, 1445.094777, 1305.208368, 1132.771402, 917.702052, 784.142182, 599.245716, 532.581024, 446.487548, 404.860932, 359.492497, 223.719717, 138.975992, 107.539528, 106.973955, 83.741609]	Input File Tutorial.
Rh	111	HO-CCHOH	-1.012	[3671.142241, 3595.612379, 3095.65278, 1390.620251, 1229.381237, 1183.996504, 1028.81924, 839.846135, 763.371615, 646.887771, 609.704091, 489.488992, 444.763711, 373.493469, 331.443527, 301.747172, 197.922181, 150.324548, 121.792715, 69.582879]	Input File Tutorial.
Rh	111	HO-CCOH	-0.316	[3693.469005, 3686.918523, 1468.891598, 1221.986888, 1006.986618, 731.99613, 642.609411, 602.404617, 478.809068, 388.512291, 356.203697, 343.339558, 302.363411, 197.081874, 148.028302, 135.747408, 51.21071]	Input File Tutorial.
Rh	111	HO-CH2CHOH	-1.551	[3600.566513, 3515.659046, 3230.51349, 3113.184802, 2981.845416, 1477.113122, 1375.293372, 1233.602516, 1155.698984, 1095.501982, 1035.784588, 914.808772, 836.785397, 775.47984, 705.290608, 554.140936, 459.727565, 435.259543, 390.235686, 300.259061, 245.608301, 182.15862, 166.804574, 114.265371, 90.988471, 59.700133]	Input File Tutorial.
Rh	111	HO-CHCH2OH	-1.804	[3706.139592, 3594.941593, 3028.97452, 3014.391292, 2957.497452, 1410.025894, 1340.60742, 1324.22492, 1182.603488, 1157.66525, 1038.612852, 921.540185, 861.525124, 773.907634, 766.11937, 620.168693, 497.16155, 480.244246, 460.536173, 380.951958, 251.544978, 168.600808, 164.629333, 136.324849, 110.948319, 91.035074]	Input File Tutorial.
Rh	111	HO-COH	-2.707	[3677.322828, 3640.30074, 1259.453637, 1121.236082, 733.047471, 689.627316, 471.859484, 461.7864, 372.036224, 295.490959, 254.114534, 183.976618, 129.062661, 120.587098]	Input File Tutorial.
Rh	111	HOC(-H)CHOH	-1.48	[3635.751067, 3598.064158, 3037.856617, 1912.235317, 1377.729573, 1282.47919, 1215.714767, 1107.541795, 1030.623531, 927.581222, 847.970424, 664.329408, 650.799881, 527.906217, 477.474428, 422.90782, 341.442364, 266.387161, 227.091479, 214.399575, 128.640252, 119.847476, 71.880787]	Input File Tutorial.
Rh	111	HOC-CH2O	-0.568	[3606.157772, 3032.772252, 2932.561808, 1489.418027, 1284.455145, 1175.534672, 1173.779008, 1011.726284, 993.388714, 675.221688, 455.342004, 393.585878, 368.92754, 360.744032, 278.017814, 206.205645, 148.565361, 138.94755, 110.856862, 59.858687]	Input File Tutorial.
Rh	111	HOC-CH2OH	-0.937	[3631.791685, 3517.227279, 3129.427832, 2894.76905, 1430.46359, 1339.197115, 1229.075303, 1161.630768, 1107.147357, 1058.961737, 983.749175, 757.215005, 549.321691, 526.651109, 448.464004, 383.739393, 325.359771, 258.626637, 208.03421, 174.108318, 145.250154, 106.921822, 58.535216]	Input File Tutorial.
Rh	111	HOC-CHO	-0.754	[3608.034385, 2971.426601, 1294.086797, 1250.408805, 1186.936033, 1042.935994, 849.605206, 569.457772, 461.611131, 442.356465, 342.26109, 329.213123, 273.934322, 261.723315, 171.05373, 143.202856, 130.643352]	Input File Tutorial.
Rh	111	HOC-CHOH	-0.621	[3642.071173, 3564.748477, 2988.166188, 1351.578252, 1192.619474, 1152.963017, 1094.621649, 1016.524534, 893.598483, 547.876487, 452.947401, 417.672719, 350.632532, 297.193358, 256.330264, 237.507283, 223.072621, 124.731108, 108.217781, 25.329787]	Input File Tutorial.
Rh	111	HOCC(-H)OH	-1.341	[3664.975443, 3654.753354, 1837.778149, 1403.7097, 1265.505859, 1180.071582, 1113.746779, 952.146993, 747.094318, 650.766334, 551.537567, 465.408173, 421.630267, 348.686624, 318.127906, 254.173205, 240.353591, 132.853498, 109.429728, 89.035987]	Input File Tutorial.
Rh	111	HOCCH(-H)O	-1.114	[3533.383017, 2971.198746, 1524.138959, 1357.826205, 1302.421638, 1261.640587, 1186.276377, 997.518775, 920.569313, 668.657234, 622.048664, 563.01271, 519.777901, 440.143118, 326.089233, 277.650199, 230.819956, 125.179764, 95.656314, 32.294377]	Input File Tutorial.
Rh	111	HOCCH(-H)OH	-1.46	[3613.363817, 3555.779709, 3035.878381, 1985.258486, 1367.425276, 1250.117363, 1213.311583, 1145.8077, 1053.649783, 1000.073361, 912.618757, 665.828398, 583.998599, 470.335243, 428.413761, 378.568324, 367.927418, 278.347381, 255.329023, 176.378698, 122.904952, 100.439893, 81.29607]	Input File Tutorial.
Rh	111	HOCCH-OH	-1.248	[3691.599005, 3651.318319, 3090.924829, 1299.571712, 1150.90929, 1029.736054, 975.793384, 889.369996, 765.001773, 653.067811, 615.544624, 489.232783, 446.249605, 371.651286, 360.252312, 272.691622, 233.846731, 165.98074, 143.083165, 123.80533]	Input File Tutorial.
Rh	111	HOCCH2-O	-0.325	[3490.484341, 3150.24582, 3056.267245, 1411.662976, 1258.063081, 1073.997449, 1033.47209, 973.89634, 924.823987, 665.503519, 542.302683, 457.074862, 415.792395, 342.99927, 291.827475, 270.275351, 255.328815, 181.655487, 116.440954, 106.678615]	Input File Tutorial.
Rh	111	HOCCH2-OH	-0.862	[3609.124256, 3584.362218, 3184.458621, 3060.131724, 1446.434904, 1193.326296, 1121.970474, 1018.620264, 1014.930356, 817.20815, 788.262942, 719.254068, 564.775957, 520.644327, 390.137407, 368.041832, 298.65951, 275.597031, 261.328529, 170.401274, 150.057001, 131.078747, 116.680959]	Input File Tutorial.
Rh	111	HOCCH2O	-1.512	[3417.957756, 2938.718134, 2900.739797, 1429.029932, 1307.686937, 1252.553203, 1189.015064, 1067.720756, 1036.225245, 920.633819, 901.76598, 534.023643, 508.266967, 437.598639, 389.235406, 305.368324, 275.911866, 133.060302, 124.86577, 106.728323, 78.261727]	Input File Tutorial.
Rh	111	HOCCH2O-H	-1.274	[3432.180413, 2979.45617, 2931.908386, 1435.66095, 1305.752287, 1258.548385, 1193.057742, 1087.482911, 1037.467757, 955.284593, 940.76214, 883.049129, 584.81736, 513.497681, 495.548053, 423.43083, 345.875401, 311.337132, 280.250478, 160.563929, 146.886791, 129.626509, 108.068249]	Input File Tutorial.
Rh	111	HOCCH2OH	-2.056	[3694.431248, 3583.018654, 3019.733241, 2932.478858, 1444.656168, 1361.540892, 1317.610827, 1202.126613, 1157.999219, 1003.663966, 987.603006, 926.431954, 828.756103, 637.057915, 490.541701, 438.057645, 393.758918, 266.567461, 259.588462, 244.260307, 175.264134, 124.697817, 58.269514, 27.587187]	Input File Tutorial.
Rh	111	HOCCHO	-1.551	[3640.239098, 2974.404775, 1433.753464, 1322.150984, 1175.06532, 1121.467414, 908.772446, 899.363898, 587.400133, 475.698003, 455.833377, 372.711817, 276.552129, 253.582216, 249.458283, 159.280775, 139.318791, 94.557193]	Input File Tutorial.
Rh	111	HOCCHO-H	-0.844	[3646.965868, 2970.967369, 1553.52555, 1340.562206, 1174.631863, 1151.39786, 1040.908857, 914.972732, 844.250637, 657.078673, 526.037706, 511.284056, 449.365134, 364.543542, 289.787862, 233.032054, 168.252227, 120.274537, 100, 77.092118]	Input File Tutorial.
Rh	111	HOCCHOH	-1.724	[3626.430004, 3569.643453, 3027.931353, 1365.671697, 1263.861821, 1196.713878, 1105.638073, 1022.311571, 935.73132, 851.281745, 657.724642, 529.119695, 443.671021, 368.386326, 355.978109, 273.091647, 246.688633, 187.62712, 139.517264, 111.354778, 71.470544]	Input File Tutorial.
Rh	111	HOCCOH	-1.674	[3679.294828, 3657.263054, 1408.379761, 1259.818215, 1189.071384, 1134.937558, 962.505138, 735.091132, 522.711323, 446.973496, 369.34747, 363.474167, 325.169372, 253.587581, 249.695365, 129.00044, 118.701887, 88.793812]	Input File Tutorial.
Rh	111	HOCH(-H)CHOH	-1.559	[3672.728511, 3613.363542, 3066.355297, 2997.422577, 1496.13058, 1419.957592, 1343.822401, 1263.837179, 1240.756971, 1147.189153, 1131.921099, 1085.223996, 930.704959, 878.075051, 808.365708, 632.013955, 618.514124, 451.024495, 377.241874, 304.761465, 269.362706, 197.782391, 155.903029, 100, 75.02053, 23.617072]	Input File Tutorial.
Rh	111	HOCH2-CHOH	-0.992	[3675.033131, 3505.113104, 3105.251548, 3032.616475, 2981.690105, 1437.97572, 1353.049772, 1332.27044, 1240.274207, 1166.458189, 1104.582224, 1017.979146, 978.925277, 928.133357, 748.921236, 469.562178, 449.872479, 422.475111, 395.969662, 319.267826, 241.237769, 201.626416, 167.732612, 120.818297, 96.840457, 88.538101]	Input File Tutorial.
Rh	111	HOCH2CH(-H)OH	-2.053	[3667.054227, 3568.160854, 3058.616489, 2969.83921, 2916.18557, 1880.314933, 1453.842589, 1378.491649, 1347.129987, 1323.53177, 1252.480508, 1208.915147, 1135.543546, 1046.154523, 982.877379, 914.836483, 833.917055, 647.264976, 530.460954, 459.691387, 372.533901, 287.51074, 253.599583, 189.164581, 184.758321, 133.386609, 89.328513, 81.786051, 62.948992]	Input File Tutorial.
Rh	111	HOCH2CH2-OH	-1.228	[3671.807355, 3643.7932, 3237.879105, 3122.616518, 2984.27679, 2586.200327, 1447.877542, 1409.667511, 1332.873292, 1266.012317, 1165.204684, 1099.708914, 1034.158452, 867.364577, 789.06598, 689.354954, 673.827154, 604.93993, 464.327906, 455.805745, 373.70046, 317.611902, 228.382943, 183.525204, 146.901918, 130.170488, 102.881891, 74.198214, 42.273058]	Input File Tutorial.
Rh	111	HOCH2CH2OH	-2.97	[3697.508619, 3674.574034, 3056.148125, 3039.022469, 2975.527942, 2958.123082, 1465.317325, 1463.484934, 1394.777978, 1378.749749, 1346.783858, 1324.923997, 1262.834553, 1128.352969, 1045.636578, 1022.397578, 996.351111, 863.135022, 816.431383, 503.949857, 386.98222, 352.617064, 339.650384, 222.311428, 171.204639, 113.416382, 100, 88.0939, 62.294057, 39.209398]	Input File Tutorial.
Rh	111	HOCH2CHOH	-2.537	[3689.565985, 3671.601262, 3050.405205, 2964.524245, 2943.100899, 1449.088676, 1371.324773, 1341.669538, 1318.00854, 1223.185443, 1151.536105, 1082.36165, 1006.429607, 974.66228, 860.887607, 828.272978, 622.191183, 540.702158, 483.127176, 367.175729, 316.748698, 212.924907, 212.098221, 190.39897, 111.667366, 78.518507, 32.59891]	Input File Tutorial.
Rh	111	HOCHCH-OH	-0.853	[3708.381153, 3702.788453, 3062.793024, 2904.899923, 1337.065866, 1178.213898, 1093.141651, 1056.050683, 923.838898, 833.644089, 797.837194, 706.430195, 608.206103, 520.796658, 454.801515, 421.45336, 395.557117, 358.237464, 217.539272, 191.761686, 160.825122, 122.853918, 64.736014]	Input File Tutorial.
Rh	111	HOCHCHOH	-2.05	[3622.770266, 3619.296316, 3101.049965, 3081.23437, 1527.188779, 1371.419884, 1259.617636, 1233.642624, 1166.840277, 1100.956564, 918.368424, 848.062206, 803.862004, 658.390568, 496.465888, 444.816502, 355.821485, 350.364893, 262.963198, 182.693114, 165.656575, 84.599547, 72.746023, 47.888813]	Input File Tutorial.
Rh	111	HOCOH	-3.721	[3493.047129, 3490.155415, 1363.025878, 1358.15511, 1131.686189, 1091.520724, 667.793438, 653.005571, 576.069974, 504.42077, 300.871023, 276.3662, 122.871871, 103.353291, 62.985748]	Input File Tutorial.
Rh	111	O	-2.189	[454.764516, 298.816384, 297.497357]	Input File Tutorial.
Rh	111	O-CCH2O	0.173	[2975.72765, 2928.316507, 1437.266995, 1270.189816, 1128.508662, 1091.811306, 946.89772, 935.165831, 562.600541, 489.694209, 433.326549, 401.516292, 327.249274, 259.971611, 162.083006, 119.543456, 95.027324]	Input File Tutorial.
Rh	111	O-CCH2OH	-0.577	[3723.615663, 3062.372028, 2962.67693, 1441.150144, 1362.257214, 1315.755341, 1162.388398, 1013.905613, 985.737511, 901.737846, 564.405901, 481.689607, 434.639913, 314.474415, 283.433454, 262.425384, 176.162794, 100, 87.653987, 85.313328]	Input File Tutorial.
Rh	111	O-CCHO	0.551	[2942.389501, 1625.457343, 1331.218272, 1023.869344, 943.627709, 604.025037, 439.513872, 386.948542, 327.857053, 168.68098, 121.55447, 107.875762, 83.798203, 58.413864]	Input File Tutorial.
Rh	111	O-CCHOH	0.129	[3128.670715, 2963.971894, 1480.58892, 1319.016298, 1223.28267, 1148.463742, 947.617012, 821.363342, 636.723472, 503.629945, 439.231586, 304.383768, 251.183974, 230.628209, 95.494837, 78.963328, 73.098698]	Input File Tutorial.
Rh	111	O-CCOH	1.104	[3693.224007, 1314.760829, 1195.269927, 952.314296, 620.664271, 512.108247, 424.952923, 392.932448, 378.52462, 299.289768, 224.794003, 168.464864, 71.466895, 36.704582]	Input File Tutorial.
Rh	111	O-CH2CH2O	-0.385	[3199.558754, 3096.333621, 3009.067211, 2861.396867, 1439.999842, 1430.545808, 1337.5646, 1198.643669, 1156.463883, 1061.829171, 966.925738, 929.628311, 833.357146, 678.015306, 489.637878, 389.039313, 319.533656, 277.287807, 260.316103, 206.154802, 166.322618, 98.517618, 82.557666]	Input File Tutorial.
Rh	111	O-CH2CH2OH	-0.922	[3704.810979, 3209.757079, 3106.959164, 2922.701398, 2873.563849, 1433.095002, 1426.842871, 1374.154249, 1254.658434, 1184.703911, 1108.394588, 1055.113539, 979.147835, 869.969956, 847.821416, 707.449798, 453.980126, 421.893556, 380.892146, 254.476403, 241.725099, 207.857784, 149.776254, 123.871949, 91.842332, 62.294983]	Input File Tutorial.
Rh	111	O-CH2CHO	-0.742	[3223.438125, 3113.690642, 3000.126976, 1443.534995, 1335.338466, 1166.810558, 1109.592942, 990.264286, 900.794575, 814.62833, 722.281592, 478.373782, 454.199311, 408.496673, 320.013167, 292.295254, 224.265781, 162.440703, 131.688872, 88.078983]	Input File Tutorial.
Rh	111	O-CH2CHOH	-1.137	[3593.457911, 3231.72357, 3122.319941, 3017.040191, 1460.239551, 1366.79213, 1227.749854, 1130.001982, 1078.80207, 1005.286508, 886.64369, 797.59171, 698.83585, 471.655262, 445.381151, 416.013644, 400.165685, 300.943715, 264.999622, 188.202879, 122.307893, 87.244562, 37.555092]	Input File Tutorial.
Rh	111	O-CH2CO	-0.497	[3236.282255, 3096.830896, 1431.660539, 1333.701789, 1086.00303, 977.231946, 911.850672, 677.070658, 578.675529, 451.817274, 399.330869, 343.107771, 272.301636, 265.187804, 182.450867, 149.752331, 118.112132]	Input File Tutorial.
Rh	111	O-CH2O	-2.619	[3063.027844, 2971.926275, 1510.408065, 1355.698198, 1184.348529, 1124.340076, 792.492525, 441.278687, 389.367077, 292.062425, 274.70824, 180.048586, 115.939137, 83.3879]	Input File Tutorial.
Rh	111	O-CH2OH	-2.041	[3472.6156, 3128.500515, 1699.066769, 1371.595952, 1338.832228, 1196.605961, 1133.945067, 973.091598, 740.071303, 504.042683, 453.39819, 341.33384, 266.477303, 218.782665, 125.721865, 106.787075, 100]	Input File Tutorial.
Rh	111	O-CHCH2O	-0.539	[3083.465897, 2958.403931, 2912.42574, 1392.663971, 1287.938574, 1180.329617, 1161.888307, 1028.078175, 919.168104, 844.199622, 763.854737, 629.565465, 491.333438, 458.485415, 351.466275, 302.142668, 253.647497, 210.341176, 161.166269, 111.362363]	Input File Tutorial.
Rh	111	O-CHCH2OH	-1.113	[3615.565656, 3034.172673, 3013.076835, 2956.088866, 1421.011709, 1341.583868, 1330.189522, 1189.084813, 1165.323765, 1033.463871, 910.967321, 874.84417, 734.961294, 609.261865, 486.90849, 472.64317, 441.769818, 286.359987, 221.613492, 194.440862, 141.092805, 110.134278, 97.343055]	Input File Tutorial.
Rh	111	O-CHCHO	-0.425	[3103.624221, 2984.885458, 1419.607078, 1333.290121, 1168.889272, 1035.176866, 889.305844, 805.341645, 682.902536, 486.091551, 446.892674, 298.3714, 275.692387, 258.456421, 178.941878, 137.535695, 107.309723]	Input File Tutorial.
Rh	111	O-CHCHOH	-0.18	[3678.553217, 3045.936057, 2779.542181, 1382.813535, 1232.648244, 1153.685195, 1104.760782, 936.995734, 877.922307, 798.416965, 577.535421, 477.720391, 454.848173, 433.967229, 400.739249, 261.729018, 214.793462, 177.764036, 129.214403, 97.922753]	Input File Tutorial.
Rh	111	O-CHCO	0.112	[3084.526842, 1655.533214, 1053.872383, 909.255145, 761.952093, 649.163929, 471.375871, 465.957519, 438.661937, 284.506446, 232.679877, 177.518457, 135.020265, 73.403097]	Input File Tutorial.
Rh	111	O-CHCOH	-0.234	[3672.999185, 3099.323605, 1308.346947, 1189.369892, 1054.959167, 1017.285319, 859.157558, 653.067851, 580.553577, 464.376122, 450.077581, 414.774648, 293.078576, 259.962672, 198.654051, 147.553806, 26.879016]	Input File Tutorial.
Rh	111	O-CHOH	-2.406	[3468.078617, 3069.495352, 1373.678785, 1222.753757, 1157.658993, 933.556129, 572.409033, 518.040241, 451.392273, 353.375892, 277.545721, 238.454857, 131.126068, 106.531876]	Input File Tutorial.
Rh	111	O-COH	-1.738	[3677.995306, 1260.707567, 1128.207146, 524.430458, 469.814376, 402.648569, 295.79711, 245.252136, 207.078833, 176.001492, 80.900877]	Input File Tutorial.
Rh	111	O-H	-1.328	[1035.077144, 470.40254, 410.389418, 272.376344, 177.488999]	Input File Tutorial.
Rh	111	OC(-H)CH2OH	-1.751	[3614.930831, 3084.296758, 3012.446871, 1658.5597, 1455.429977, 1388.657608, 1353.580994, 1326.701058, 1175.319302, 1015.196179, 947.126457, 900.787818, 833.615677, 705.365136, 530.995244, 465.129749, 370.160429, 266.315353, 181.274157, 152.002163, 110.881662, 84.52216, 83.054428]	Input File Tutorial.
Rh	111	OC(-H)CHO	-1.308	[3023.183639, 1830.644838, 1348.376908, 1292.991201, 1189.711665, 1005.954313, 804.525977, 638.850191, 553.14555, 536.097682, 427.884232, 367.004546, 310.131876, 250.054502, 189.574931, 144.912842, 116.263661]	Input File Tutorial.
Rh	111	OC(-H)CHOH	-1.554	[3656.241949, 3135.157703, 1817.991485, 1413.763252, 1322.036882, 1257.967606, 1134.613065, 972.659816, 826.483026, 746.187842, 571.404492, 523.992954, 502.88698, 354.105712, 336.761693, 273.161671, 204.839184, 164.188988, 139.665828, 102.695411]	Input File Tutorial.
Rh	111	OC(-H)COH	-1.024	[3576.686955, 1740.802515, 1600.126954, 1285.685734, 1108.159888, 893.871839, 798.465069, 683.34158, 641.288395, 489.171388, 410.536732, 302.456173, 271.690968, 245.809283, 145.344644, 126.363748, 59.153302]	Input File Tutorial.
Rh	111	OC-CH2OH	-0.998	[3644.261385, 3131.949468, 3041.026415, 1681.705646, 1446.757857, 1334.93286, 1190.568719, 1087.580946, 967.566178, 813.630081, 487.056005, 453.035798, 379.272305, 282.204115, 242.483841, 167.031745, 147.337256, 100, 87.27225, 73.432299]	Input File Tutorial.
Rh	111	OC-CHO	-0.992	[2961.668694, 1627.360075, 1273.65489, 1222.083034, 871.242421, 546.145962, 417.607697, 402.815051, 322.707891, 268.044173, 243.786957, 177.234145, 115.114142, 73.337207]	Input File Tutorial.
Rh	111	OC-CHOH	-0.929	[3685.395121, 2931.385084, 1727.82305, 1360.529579, 1181.857345, 1117.347605, 891.915968, 525.521228, 507.686827, 445.807137, 308.883722, 269.783217, 247.827603, 204.17642, 125.290149, 69.558835, 37.348827]	Input File Tutorial.
Rh	111	OC-COH	-1.031	[3494.09269, 1583.103708, 1266.53871, 1116.205375, 684.030668, 520.780725, 452.285357, 408.061611, 385.021915, 292.773234, 217.195433, 170.298916, 140.895593, 87.553785]	Input File Tutorial.
Rh	111	OCC(-H)OH	-1.003	[3614.239818, 1902.755999, 1648.597282, 1279.334139, 1059.599794, 845.341129, 762.686527, 627.149436, 568.170371, 426.958029, 407.022809, 301.543974, 254.182682, 230.674913, 163.083951, 123.61944, 87.300152]	Input File Tutorial.
Rh	111	OCC-OH	-0.374	[3676.753666, 1791.239964, 971.10001, 737.600642, 636.760009, 538.480179, 527.689357, 406.376338, 372.21944, 333.528426, 205.357857, 139.667236, 134.064579, 72.10363]	Input File Tutorial.
Rh	111	OCCH(-H)OH	-1.404	[3648.520768, 3117.337418, 1684.052587, 1397.259199, 1277.907099, 1252.479001, 1149.422261, 1037.00112, 957.73789, 747.153396, 638.534119, 539.471832, 440.873864, 348.222887, 306.271624, 273.410451, 199.03827, 173.004411, 117.377849, 88.323486]	Input File Tutorial.
Rh	111	OCCH-OH	-0.617	[3663.141113, 3070.21288, 1433.617576, 1002.42188, 901.189334, 862.347829, 767.288595, 624.623519, 597.395996, 453.50649, 349.867359, 320.843311, 228.319359, 198.086305, 158.585871, 125.335867, 64.887389]	Input File Tutorial.
Rh	111	OCCH2-OH	-0.88	[3665.645774, 3192.219372, 3068.797302, 1407.166534, 1236.636842, 1069.910428, 1015.280507, 939.525069, 878.445236, 780.931475, 550.857017, 494.117419, 389.899069, 330.966655, 300.705127, 273.669196, 191.372862, 161.425154, 149.184645, 105.773318]	Input File Tutorial.
Rh	111	OCCH2O-H	-1.166	[2986.552228, 2916.266776, 1463.30548, 1418.676847, 1299.928385, 1212.622598, 1188.627015, 977.776708, 956.606854, 876.873617, 551.172166, 538.417032, 469.790852, 355.717209, 309.799321, 294.781804, 202.941057, 136.408145, 107.539557, 84.131098]	Input File Tutorial.
Rh	111	OCCH2OH	-2.134	[3587.993026, 3064.411979, 2928.044268, 1458.007164, 1427.216771, 1369.712936, 1311.327481, 1183.164677, 1024.767311, 982.324801, 904.473342, 554.798222, 538.72552, 339.128246, 321.46521, 267.410701, 146.527603, 122.492378, 100, 88.361528, 50.959434]	Input File Tutorial.
Rh	111	OCCHO	-1.407	[3006.279922, 1332.435527, 1299.719626, 1202.342053, 1001.00651, 815.899767, 552.453311, 515.207438, 395.66851, 346.208781, 314.556529, 239.659118, 182.754722, 143.588364, 139.725346]	Input File Tutorial.
Rh	111	OCCHO-H	-0.828	[3051.452074, 1344.998609, 1286.763422, 1128.139369, 1034.583024, 948.858345, 812.946504, 659.215123, 536.945372, 527.292728, 408.424363, 355.667586, 304.418263, 263.8359, 201.647637, 175.667611, 137.939968]	Input File Tutorial.
Rh	111	OCCHOH	-1.676	[3654.205364, 3143.313277, 1405.677513, 1295.216103, 1244.56486, 1129.740565, 976.796418, 815.804526, 747.980843, 526.535436, 489.575247, 348.992926, 337.790495, 274.572911, 196.514452, 157.390839, 108.259207, 67.929057]	Input File Tutorial.
Rh	111	OCCOH	-1.35	[3602.676652, 1640.607829, 1268.385334, 1095.137773, 844.188867, 740.453197, 538.716296, 422.404007, 349.809385, 320.233575, 240.694937, 237.011518, 131.688713, 115.734822, 100]	Input File Tutorial.
Rh	111	OCH(-H)CH2OH	-1.855	[3625.804396, 3062.286225, 2978.109639, 2951.434064, 1998.565623, 1456.33337, 1371.478535, 1344.226297, 1310.641021, 1190.751102, 1182.221836, 1038.664479, 979.552542, 945.639114, 811.780005, 697.297895, 510.430279, 473.193834, 423.087167, 289.201451, 274.289835, 170.334515, 145.588686, 129.467101, 98.913067, 70.180964]	Input File Tutorial.
Rh	111	OCH(-H)CHO	-1.066	[2970.046661, 2888.345914, 1738.024674, 1370.960459, 1352.377868, 1270.315158, 1214.233026, 1113.814699, 1064.110891, 879.767658, 822.588241, 692.806786, 642.493701, 406.339328, 364.984335, 277.582961, 237.115907, 188.749064, 117.405802, 66.906195]	Input File Tutorial.
Rh	111	OCH(-H)CHOH	-1.209	[3627.998296, 3057.273995, 2896.927972, 1381.179859, 1349.33274, 1293.089885, 1251.369025, 1201.455325, 1107.927704, 1069.402289, 995.74889, 886.410846, 823.817634, 641.165079, 622.241396, 533.70975, 447.712471, 323.823533, 272.765126, 232.099096, 155.719959, 120.994246, 85.275338]	Input File Tutorial.
Rh	111	OCH-CH2OH	-0.957	[3610.589087, 3103.795238, 2988.918866, 2873.031495, 1435.39202, 1334.89703, 1287.277548, 1232.806515, 1227.755609, 1101.487254, 971.990357, 868.062476, 701.750231, 521.968056, 479.415197, 409.683351, 338.80252, 304.681837, 189.217312, 153.895475, 119.335925, 100, 73.183099]	Input File Tutorial.
Rh	111	OCH-CHOH	-0.907	[3526.568129, 2975.972038, 2954.399751, 1327.024249, 1276.279588, 1252.823736, 1155.030745, 1014.468157, 923.171545, 819.928923, 559.172531, 448.403463, 369.684348, 328.032643, 307.084215, 281.162814, 236.476723, 150.729854, 100.689668, 84.100389]	Input File Tutorial.
Rh	111	OCH-COH	-0.754	[3615.89913, 2971.887701, 1295.865557, 1243.689836, 1192.21249, 1042.951525, 848.452651, 571.618039, 464.684481, 440.593322, 348.351354, 334.393698, 280.991904, 263.998261, 175.849992, 150.960632, 123.540823]	Input File Tutorial.
Rh	111	OCH2-CH2OH	-0.478	[3457.629307, 3121.682438, 3084.851031, 2995.522372, 2620.417782, 1485.72829, 1405.013703, 1331.245955, 1279.358638, 1225.465064, 1129.849266, 1076.786776, 1008.059903, 973.160651, 720.948606, 581.052582, 421.675803, 342.284958, 279.90356, 222.343672, 200.473452, 183.802824, 142.585766, 70.440716, 38.583202, 25.588086]	Input File Tutorial.
Rh	111	OCH2-CHO	-0.798	[3091.224945, 2978.657532, 2895.820005, 1472.265734, 1269.932253, 1231.497117, 1212.413481, 1197.703379, 1002.173857, 754.4456, 702.349748, 547.233695, 376.162855, 344.448725, 322.272424, 223.505966, 196.723244, 160.123222, 95.71245, 55.385801]	Input File Tutorial.
Rh	111	OCH2-CHOH	-0.652	[3278.216355, 3077.66134, 3025.221594, 2971.8406, 1447.030205, 1380.709985, 1238.678535, 1203.062962, 1181.537819, 1095.976619, 1007.566375, 845.518805, 784.773936, 559.742607, 506.282967, 428.303509, 328.323514, 244.180793, 238.581997, 197.102864, 103.633504, 85.627804, 45.786589]	Input File Tutorial.
Rh	111	OCH2CH(-H)O	-1.353	[3002.702113, 2936.555709, 2884.452283, 1855.658257, 1434.997692, 1340.880846, 1327.784287, 1240.298468, 1174.090928, 1045.933824, 1005.55086, 930.266836, 815.144483, 652.404581, 487.695383, 439.455383, 367.768886, 316.220159, 263.317826, 257.538511, 156.829996, 130.591867, 88.526889]	Input File Tutorial.
Rh	111	OCH2CH(-H)OH	-1.576	[3685.790899, 2991.178236, 2975.123741, 2930.115974, 1945.608666, 1435.574049, 1364.980392, 1343.136758, 1246.401511, 1208.679777, 1166.517225, 1021.970771, 998.885723, 911.643186, 770.693769, 654.790163, 489.550876, 434.285032, 378.453043, 344.544584, 276.19896, 260.878507, 222.089784, 127.092835, 114.279994, 89.485325]	Input File Tutorial.
Rh	111	OCH2CH-OH	-1.418	[3692.766615, 3052.667089, 2977.072023, 2902.858372, 1398.550176, 1296.169123, 1186.871057, 1161.784392, 1029.022782, 913.475564, 858.732623, 782.086228, 741.496369, 649.625381, 500.479706, 457.864868, 406.002755, 309.590275, 295.049057, 231.676172, 154.518206, 136.940857, 119.970408]	Input File Tutorial.
Rh	111	OCH2CH2-OH	-0.929	[3646.572367, 3246.754108, 3134.133963, 3048.644082, 2934.410236, 1467.702586, 1442.382852, 1298.682033, 1214.252516, 1123.971777, 1049.129535, 839.275923, 806.661234, 704.643062, 634.736665, 581.357549, 498.011378, 433.175957, 283.050411, 272.754679, 266.915696, 222.71293, 156.53918, 124.403112, 101.610186, 75.163279]	Input File Tutorial.
Rh	111	OCH2CH2O	-2.042	[3013.049737, 2993.216215, 2954.970855, 2942.312698, 1451.856313, 1450.94493, 1338.289823, 1332.935713, 1244.053925, 1206.112935, 1068.43271, 998.591613, 983.117965, 842.976737, 827.873872, 543.959202, 372.410234, 328.742517, 295.898153, 240.472928, 239.144608, 160.136854, 116.489357, 88.848828]	Input File Tutorial.
Rh	111	OCH2CH2O-H	-1.41	[3039.867701, 3001.858545, 2976.705179, 2945.947695, 1452.30216, 1450.103794, 1345.84421, 1333.603814, 1241.065919, 1211.054002, 1079.663353, 1042.933888, 995.535555, 964.029241, 835.458686, 813.93265, 547.599412, 477.262047, 348.01785, 312.676418, 286.516354, 236.193391, 218.456023, 164.657487, 121.359202, 95.569912]	Input File Tutorial.
Rh	111	OCH2CH2OH	-2.584	[3596.792442, 3042.705823, 3030.423067, 2970.747893, 2947.597947, 1459.075734, 1452.35432, 1379.718079, 1360.798463, 1344.477317, 1242.721257, 1189.456338, 1063.228473, 1029.798618, 972.995641, 867.366814, 818.819227, 523.06606, 380.81709, 327.393052, 293.623118, 255.171101, 183.93401, 125.700871, 100, 89.912515, 64.841922]	Input File Tutorial.
Rh	111	OCH2CHO	-1.596	[3012.576739, 2958.523506, 2946.851643, 1435.342077, 1330.687157, 1323.883499, 1231.505331, 1077.675836, 994.775458, 953.728898, 857.24696, 807.671247, 582.400275, 467.22464, 392.710349, 349.783322, 322.545855, 254.743246, 172.961664, 133.854525, 97.039822]	Input File Tutorial.
Rh	111	OCH2CHO-H	-1.166	[3010.41877, 2968.192321, 2947.694134, 1441.450605, 1325.054914, 1322.58838, 1223.110494, 1085.516785, 1023.057301, 973.317563, 952.315694, 857.096752, 812.054512, 663.399202, 583.261814, 468.31637, 368.387692, 331.41828, 308.307854, 281.350095, 208.677344, 143.672439, 126.381333]	Input File Tutorial.
Rh	111	OCH2CHOH	-2.041	[3685.755124, 3013.82763, 2998.720764, 2942.445672, 1440.375416, 1347.033232, 1324.41838, 1226.658195, 1191.79566, 1049.893896, 996.320581, 973.78804, 858.979938, 737.991661, 616.885315, 498.476231, 489.487136, 362.139139, 315.592501, 266.96303, 254.51786, 142.787677, 128.925455, 125.012983]	Input File Tutorial.
Rh	111	OCHC(-H)OH	-1.252	[3657.323277, 2984.404003, 1848.942362, 1426.504155, 1317.157822, 1223.998577, 1118.620776, 923.52234, 871.397062, 652.10314, 557.764237, 504.942302, 400.171637, 387.524573, 291.767383, 241.533649, 201.714917, 156.109903, 118.93732, 83.352162]	Input File Tutorial.
Rh	111	OCHC-OH	-0.725	[3689.673762, 3031.423323, 1437.301151, 1302.931936, 1132.275626, 917.774984, 776.224704, 601.377479, 530.646909, 443.076262, 410.732241, 368.314331, 227.662611, 161.249999, 125.616033, 94.962567, 69.98372]	Input File Tutorial.
Rh	111	OCHCH(-H)OH	-1.446	[3643.155674, 3027.288053, 2969.503042, 1564.760121, 1391.890241, 1351.194273, 1251.59111, 1193.711473, 1119.732547, 1037.503727, 908.731777, 842.40843, 764.744055, 676.514654, 511.190981, 410.3754, 394.982241, 296.30849, 240.731817, 155.653122, 131.650928, 71.475607, 33.299188]	Input File Tutorial.
Rh	111	OCHCH-OH	-1.104	[3680.353881, 3068.417468, 2964.348662, 1458.35255, 1339.148326, 1165.851284, 1017.329257, 899.73058, 816.296978, 760.097772, 673.501162, 577.545897, 495.229678, 376.403523, 267.215842, 239.779737, 221.702877, 154.92886, 129.832668, 96.026107]	Input File Tutorial.
Rh	111	OCHCH2-OH	-1.279	[3678.342175, 3234.014675, 3122.19046, 2901.243972, 1463.569449, 1327.529127, 1199.434328, 1097.676514, 977.478081, 908.60724, 823.891109, 796.554373, 640.10326, 512.374907, 503.726758, 391.806243, 364.59613, 270.866116, 207.792446, 172.502044, 119.931136, 105.06059, 82.445245]	Input File Tutorial.
Rh	111	OCHCH2OH	-2.259	[3659.152446, 3072.390278, 2963.943896, 2938.397312, 1446.462384, 1361.298018, 1335.064714, 1297.9175, 1177.107666, 1072.549404, 997.985012, 967.815402, 857.080455, 805.441982, 633.963086, 492.856601, 482.937127, 333.374874, 323.229583, 204.555955, 192.819327, 144.602659, 112.274679, 94.096879]	Input File Tutorial.
Rh	111	OCHCHO	-1.68	[3051.383651, 2997.222795, 1376.948444, 1361.162406, 1238.974053, 1152.725484, 930.861676, 849.686877, 806.236348, 739.646687, 491.797095, 399.411454, 319.407521, 282.134872, 252.623712, 167.412146, 125.227666, 101.658578]	Input File Tutorial.
Rh	111	OCHCHO-H	-1.217	[3079.457131, 3055.44033, 1389.667327, 1357.175991, 1227.261838, 1132.531498, 955.831004, 925.887289, 848.40184, 797.25415, 773.998058, 682.736626, 489.357902, 393.378453, 355.895482, 274.76372, 215.730309, 170.873731, 167.148525, 125.748773]	Input File Tutorial.
Rh	111	OCHCHOH	-1.878	[3624.962049, 3113.467246, 3003.936472, 1444.423837, 1359.036911, 1242.02318, 1182.428718, 1097.700511, 907.656263, 841.053804, 795.675673, 690.110884, 510.662628, 468.581815, 399.825436, 293.926472, 241.162225, 210.572097, 121.587534, 107.698202, 76.467366]	Input File Tutorial.
Rh	111	OH	-2.568	[3696.264432, 643.49727, 605.783052, 371.485738, 199.364256, 129.583678]	Input File Tutorial.
None	gas	CH3CH2OH	-0.897	[3844.992157, 3076.182266, 3073.442786, 2999.053126, 2997.081345, 2954.350868, 1500.163866, 1481.48537, 1472.385524, 1404.002399, 1382.497289, 1317.457435, 1265.023348, 1119.449023, 1073.714605, 1006.841126, 870.580608, 800.481187, 417.134497, 265.680218, 61.480976]	Input File Tutorial.
None	gas	CH3CHO	0.191	[3108.634643, 3061.768317, 2995.411439, 2831.847486, 1748.969004, 1463.598983, 1444.633647, 1401.359793, 1358.244455, 1109.029521, 1093.04759, 900.887354, 735.96845, 504.345234, 57.259198]	Input File Tutorial.
None	gas	CH3OH	-1.493	[3816, 3094, 3007, 2952, 1994, 1481, 1462, 1351, 1152, 1062, 1001, 266]	Input File Tutorial.
None	gas	CH4	0.0	[3117, 3116, 3112, 3001, 1551, 1549, 1335, 1329, 1328]	Input File Tutorial.
None	gas	CO	0.0	[2126]	Input File Tutorial.
None	gas	CO2	-3.174	[2370, 1316, 631, 630]	Input File Tutorial.
None	gas	H2	0.0	[4475]	Input File Tutorial.
None	gas	H2O	-2.865	[3892.728213, 3777.220075, 1627.492669]	Input File Tutorial.